9.27
8.82
8.53
8.93
9.09
11.72
10.1
11.64
10.97
11.29
12.11
11.24
10.07
9.97
9.6
9.77
9.41
9.41
9.57
11.04
11.88
9.95
9.99
11.87
9.43
9.53
9.63
9.05
11.16
9.64
8.97
10.81
8.64
10.49
10.57
8.93
9.65
10.67
8.7
10.67
11.76
9.27
11.75
11.64
8.62
9.42
10.26
9.16
11.59
10.18
11.66
12.29
10.83
12.23
11.37
11.82
11.32
9.15
11.99
12.06
10.59
9.55
8.98
9.82
10.81
9.8
11.1
12.07
11.9
9.16
8.61
11.23
9.2
11.39
11.77
11.11
10.69
10.84
11.75
8.51
11.76
8.96
9.95
9.48
10.48
9.17
12.47
8.91
11.62
11.25
10.1
9
11.18
9.14
8.58
10.71
8.79
10.42
9.33
11.32
10.81
10.69
9.76
10.93
10.06
8.92
11.59
11.93
8.95
8.76
9.62
8.98
9.9
11.98
8.8
10.12
12.09
12
11.84
10.13
9.82
10.69
8.95
9.15
11.55
12.11
8.55
8.56
11.31
9.56
10.81
8.77
10.01
8.93
10.19
9.57
11.7
11.52
11.91
10.05
10.08
9.03
12.46
11.36
10.13
9.62
11.59
11.69
8.83
10.95
11.12
9.28
11.08
11.69
9.99
8.62
10.23
9.1
11.87
10.45
8.87
11.52
9.12
11.88
10.44
9.34
11.46
9.47
10.28
11.73
10.92
9.06
8.58
10.29
8.54
9.28
10.73
10.09
11.52
10.43
9.01
9.36
12.22
8.86
10.94
10.03
10.19
10.82
11.43
10.07
11.83
11.09
12.14
9.96
9.67
11.06
12.41
9.07
9.41
9.28
10.65
10.62
9.9
9.6
8.52
10.55
9.2
9.28
11.64
9.2
10.39
8.64
10.08
9.94
9.94
12.01
11.79
8.75
9.44
8.91
11.65
9.14
10.53
8.71
12.4
12.32
9.41
11.12
9.11
9.98
9.37
10.15
9.17
10.74
12.27
10.88
11.95
11.12
8.83
8.88
9.33
9.4
11.67
10.73
12.17
11.68
9.51
10.7
8.51
10.16
11.76
12.15
12.12
9
10.12
10.01
8.59
9.69
9.7
8.69
9.64
10.57
8.67
10.15
12.32
8.73
11.96
11.84
10.17
11.55
8.55
9.17
12.41
9.06
12.07
10.75
9.96
12.29
9.04
9.21
11.31
11.21
11.1
11.44
10.72
9.72
10.53
8.66
9.11
10.75
10.78
10.76
9.91
8.64
11.74
11.25
9.23
10.02
10.9
11.94
12.21
10.17
9.02
9.45
10.1
11.09
12.23
11.56
9.42
11.86
8.54
8.79
9.15
8.99
9.88
10.92
11.96
9.72
11.93
11.1
10.7
11.8
11.22
11.91
9.27
10.29
11.75
12.27
9.81
9.32
10.02
12.44
9.89
9.59
9.49
9.64
10.68
10.14
9.84
12.12
9.98
11.46
11.73
9.75
10.7
10.49
10.11
9.42
11.26
9.31
11.78
12.01
10.58
12.3
9.74
8.91
11.45
9.61
8.68
12.3
11.83
12.46
10.24
8.6
10.34
8.6
11.4
12.05
11.99
8.74
8.74
10.32
12.37
12.3
9.62
11.73
8.56
9.96
9.71
11.28
8.68
10.82
9.51
8.99
10.03
10.51
10.36
10.09
12.35
9.07
10.68
9.57
9.95
10.03
8.79
10.02
9.71
11.63
11.9
10.6
11.58
10.55
9.93
11.02
9.07
9.96
12.13
10.77
11.17
10.5
8.85
9.98
12.39
9.9
12.12
9.5
11.44
9.75
11.07
12.33
10.74
9.81
12.19
11.41
10.55
11.66
8.86
10.84
12.01
12.1
10.51
9.43
10.56
11.6
12.19
10.62
9.39
10.99
12.42
8.56
10.87
12.08
11.41
10.35
8.72
9.2
9.67
8.55
10.4
11.78
11.07
12.46
9.06
12.07
12.35
10.27
10.86
11.01
8.96
9.9
9.6
9.78
11.25
11.57
12.48
11.92
11.92
9.29
10.21
9.99
8.61
8.95
9.82
11
9.95
11.15
10.89
10.34
11.18
9.84
10.49
8.81
8.93
8.72
9.53
10.54
8.87
10.98
11.74
10.42
12.26
10.87
10.52
11.01
11.46
9.59
9.32
12.34
10.36
9.3
9.77
8.88
10.83
8.91
11.67
10.61
11.13
10.55
10.62
9.7
11.87
9.02
12.32
11.61
11.91
9.28
9.34
11.03
10.54
10.44
11.55
9.43
10.04
12.28
10.23
10.23
10.92
11.31
12.03
8.86
10.32
11.05
12.47
10.38
8.57
10.11
10.47
8.52
9.55
11.41
11.91
10.81
8.86
10.54
11.05
11.73
11.05
11.4
11.59
10.68
8.74
10.79
10.3
12.42
10.25
8.84
11.34
11.04
11.17
9.94
12.18
12.32
11.02
10.25
11.87
9.31
9.04
10.44
11.54
10.3
11.31
9.32
9.97
11.62
11.03
9.24
9.07
11.99
9.73
11
11.68
12.02
12.21
9.85
8.61
12.02
9.25
8.55
8.63
12.22
11.26
11.92
9.85
12.11
11.72
12.08
12.28
11.1
11.16
10.24
11.19
9.11
12.36
9.79
11.86
11.91
9.32
11.17
9.89
9.51
12.27
11.84
9.81
8.67
10.76
8.66
8.61
9.67
10.14
12.35
8.55
8.98
10.3
11.81
11.53
11.88
11.97
10.36
12.4
11.44
9.45
10.46
9.33
11.99
12.31
11.06
12.15
10.91
10.48
9.19
11.2
10.57
11.16
11.62
12.45
11.92
10.61
9.67
9.85
11.55
11.97
11.11
9.46
11.31
10.18
10.7
11.3
9.04
10.76
12.48
12.44
11.45
11.27
10.94
8.55
10.3
11.01
10.32
8.86
12.19
9
10.19
11.69
9.44
9.64
10.48
10.32
11.18
11.86
12.11
9.77
10.79
9
9.34
11.96
10.84
9.5
10.51
10.31
10.1
12.26
11.61
8.65
10.5
9.25
12.24
11.8
8.71
11.56
10.65
9.41
8.79
9.31
10.16
11.04
10.28
11.92
8.52
10.16
12.2
8.88
8.62
9.68
11.14
11.2
10.15
10.95
10.43
11.47
10.21
9.3
8.99
8.5
11.25
12.42
9.89
10.03
9.69
8.69
9.89
11.17
10.1
12.11
9.71
11.2
9.48
9.98
11.34
10.79
10.18
11.42
9.47
8.85
10.61
9.72
12.14
10.43
10
11.79
11.6
9.79
9.86
9.74
9.85
9.84
8.91
8.78
10.55
10.23
9.65
8.74
10.73
12.33
8.76
9.52
11.28
9.01
12.46
12.44
10.22
8.67
12.1
12.14
9.78
11.29
12.32
8.64
10.39
10.03
8.78
11.95
8.52
10.39
9.58
8.6
9.8
8.85
10.75
12.36
10.78
9.2
11.92
9.6
9.63
9.94
9.19
9.64
8.58
9.58
10.94
11.62
10.46
10.05
10.07
11.42
10.19
10.22
12.45
11.06
10.01
8.77
10.88
9.02
9.95
10.19
8.71
8.83
11.24
8.66
12.21
10.92
10.76
8.6
10.16
9.52
9.24
10.99
11
12.34
10.6
11.18
8.56
9.3
11.58
9.65
9.99
10.96
8.82
10.65
10.91
12.07
8.9
12.18
10.84
10.51
10.81
11.39
12.15
11.94
9.72
8.85
10.9
12.41
9.86
8.52
9.36
10.36
12.39
9.05
10.68
11.69
11.72
8.6
8.96
11.33
8.7
10.07
9.94
8.79
8.7
10.25
8.5
9.08
10.25
8.63
10.51
11.07
10.25
12.15
11.2
10.35
11.34
11.56
11.12
10.24
8.77
8.65
11.93
11.56
8.79
12.12
11.07
12.27
12.47
11.71
8.85
8.79
11.72
12.01
10.3
9.23
9.95
11.86
11.73
11.96
8.84
10.32
10.65
9.73
10.5
10.79
8.61
8.74
10.34
8.82
8.85
8.66
9.97
11.21
11.05
8.55
10.64
10.87
12.49
9.08
11.67
8.73
9.1
11.03
12.28
10.22
11.84
10.73
10.35
10.47
8.89
11.97
12.32
11.65
9.89
10.95
10.49
10.7
9.56
10.5
12
10.83
10.42
12.15
11.36
8.68
11.31
9
9.45
10.24
11.09
11.57
11.86
11.15
8.78
8.6
9.71
12.11
9.94
8.78
11.44
10.37
10.89
12.36
12.42
9.37
8.83
10.82
9.82
8.6
10.56
12.43
9.81
10.49
9.57
9.34
10.8
9.45
12.17
12.09
11.4
11.34
9.78
8.6
11.88
9.82
8.61
9.67
11.36
9.78
9.73
10.87
9.26
9.27
11.55
10.13
12.43
10.55
12.22
10.49
12.35
8.99
11.68
9.34
12.18
11.15
10.26
9.86
10.07
11.93
10.3
8.76
12.44
10.34
9.88
8.59
9.09
10.78
8.98
11.1
9.25
11.65
11.95
8.53
11.36
12.18
11.66
9.03
11.44
11.94
9.41
8.74
9.72
10.17
12.24
10.9
12.16
8.93
8.92
9.22
12.05
11.24
12.1
11.92
11.98
9.47
10.92
11.41
11.89
11.45
9.53
10.15
10.07
9.62
9.73
9.19
9.54
11.65
10.48
12.49
11.99
9.72
10.92
10.63
11.02
10.05
11.54
10.77
10.6
11.47
8.93
8.65
10.35
12.26
11.54
10.51
12.05
8.52
9.04
10.39
9.76
8.74
9.64
12.48
10.9
11.75
11.17
8.6
8.94
11.54
9.86
9
10.95
8.93
9.73
10.83
8.81
9.97
9.39
10.43
10.42
8.65
9.31
8.92
11.02
9.38
12.3
10.3
10.57
11.72
9.63
9.51
11.11
8.59
11.23
11.74
8.58
10.94
12.22
11.77
11.37
11.43
10.33
11.55
10.1
12.42
10.2
9.92
11.03
9.21
10.19
10.58
11.62
11.1
12.46
9.6
11.93
9.22
9.95
10.02
11.95
9.36
10.53
9.71
10.4
8.84
10.39
10.85
10.2
10.48
10.75
10.37
10.24
10.12
11.55
11.49
10.82
10.26
11.31
11.09
11.67
10.87
11.77
9.85
10.02
11.55
10.38
8.5
8.62
10.12
12.3
11.86
9.48
10.7
12.32
10.5
9.4
9.11
9.64
9.76
10.52
11.84
12.21
9.04
10.96
12.31
8.84
10
12.05
9.47
11.28
10.17
10.4
11.35
10.84
9.57
10.09
9.17
12.18
11.35
10.96
10.39
10.73
8.58
10.67
11.39
9.38
12.04
10.3
9.54
10.58
10.2
9.11
10.05
9.07
12.33
11.16
11.23
11.39
10.21
11.21
8.88
8.95
11.65
11.33
10.63
9.95
10.63
12.35
11.24
8.91
8.73
9.42
10.79
11.29
8.62
9.61
12.13
10.86
12.07
11.43
9.3
12.2
11
11.38
9.58
9.55
8.85
10.78
11.01
10.91
11.36
10.27
10.47
8.64
10.58
9.94
11.57
9.74
8.54
9.93
11.25
12.18
11.55
9.13
10.34
9.27
10.82
11.25
8.94
11.21
11.52
8.86
11.82
11.27
10.4
9.17
10.45
8.76
10.25
9.58
9.59
12.35
9.84
8.83
10.04
10.96
11.45
10.65
9.21
11.18
10.53
10.88
10.82
10.63
8.68
9.61
9.14
10.36
9.53
8.8
11.23
10.1
10.33
12.29
11.88
10.99
10.94
11.7
10.73
9.9
11.99
11.3
11.99
11.45
8.83
11.4
10.84
11.21
11.58
11.88
10.32
8.67
10.53
10.26
9.18
9.14
10.54
9.69
11.09
9.29
8.52
8.58
11.73
9.94
10.85
11.99
10.51
10.04
9.45
11.55
8.51
12.25
12.41
11.8
11.69
11.72
11.39
11.86
10.29
9.78
11.27
10.43
11.27
10.15
10.98
11.05
12.06
8.57
11.61
11.23
8.95
9.75
9.1
9.94
9.87
11.9
12.07
10.54
9.1
9.34
9.38
9.29
10.26
8.53
11.86
10.57
8.75
11.23
11.07
9.95
10.24
11.17
11.89
9.8
10.51
10.59
9.81
10.07
11.46
12.29
12.43
10.43
10.93
10.71
11.09
11.26
11.64
10.97
10.43
12.28
12.14
9.34
11.26
9.45
8.89
10.48
8.66
11.23
10.78
8.9
10.8
9.33
10
10.15
9.48
10.27
10.35
11.8
11.92
11.78
10.58
10.49
11.58
9.31
9.41
11.45
10.86
12.04
9.94
9.1
11.43
10.28
9.29
11.28
10.31
9.4
12.41
10.94
9.41
8.53
10.42
11.08
11.79
11.06
9.98
11.59
8.92
9.27
9.72
9.32
9.41
12.34
11.54
11.14
10.19
10.14
10.26
10.44
8.53
9.94
12.11
9.11
9.79
10.17
9.97
9.02
8.53
11.22
12.34
8.58
10.35
11.9
10.88
11.89
9.85
12
11.2
9.02
11.82
10.31
11.02
10.09
10.81
9.11
12.19
11.59
11.23
10.64
9.59
8.66
11.63
10.46
10.9
11.97
8.91
9.8
9.78
10.12
9.58
9.46
11.56
10.2
9.42
9.64
11.46
10
9.95
12.14
9.79
10.68
11.44
9.74
11.12
10.72
11.41
10.52
10.8
9.17
10.48
10.88
10.28
10.38
10.12
12.17
9.45
12.39
9.49
11.41
11.48
8.54
10.72
9.57
11.93
10.85
11.24
9.31
9.16
9.67
10.14
10.68
10.14
11.58
9.35
11.4
9.72
10.38
11.84
8.68
9.05
10.88
11.5
9.1
12.13
11.2
11.67
9.68
8.57
9.74
8.68
11.57
9
11.03
9.15
9.75
12.46
10.36
10.31
8.76
11.98
10.59
9.86
9.62
11.53
12.29
9.24
11.19
9.53
11.22
10.95
11.56
9.05
9.31
10.85
9.1
9.53
10.11
9.94
9.22
11.68
10.06
9.24
11.91
9.49
11.07
10.17
11.6
10.92
12.09
11.43
11.85
8.57
11.57
9.2
10.96
9.51
10.38
10.07
12.33
10.46
8.97
8.64
9.85
11.29
9.62
11.02
12.19
8.67
8.55
8.72
10.85
8.92
9.58
9.58
10.41
9.85
10.45
8.62
8.95
10.62
10.13
8.76
9.93
12.28
11.6
11.48
9.97
8.61
12.39
12.08
11.64
8.53
10.1
11.26
11.2
9.91
11.88
9.12
12.36
8.54
10.48
11.43
10.87
11.87
9.08
11.42
11.49
10.48
11.28
9.6
11.56
10.26
9.61
10.21
8.83
8.7
11.21
10.06
12.18
10.63
9.54
12.07
8.77
8.97
9.57
10.81
11.32
10.82
10.88
8.99
10.46
9.83
8.76
8.91
8.63
11.2
10.39
10.55
11.69
8.67
12.49
11.98
9.82
11.29
9.02
9.88
11.42
12.38
10.93
10.99
11.2
10.32
9.43
10.22
11.49
10.9
11.15
10.4
10.8
10.77
8.6
9.16
12.1
10.79
11.63
10.22
9.99
9.2
10.08
10.12
10.81
9.15
10.86
12
10.64
10.06
10.75
9.97
12.45
12.19
11.89
11.44
12.39
12.38
10.29
8.64
8.89
11.03
9.91
10.22
8.54
12.49
12.25
9.42
8.57
11.82
12.38
11.53
12.16
11.29
12.38
10.71
10.79
9.3
8.67
10.55
11.96
9.92
12.08
9.93
8.65
9.67
10.44
11.11
11.38
9.66
9.27
12.21
9
11.49
9.82
11.46
11.78
12.35
10.08
10.81
9.39
9.93
11.93
11.31
10.17
11.71
10.31
9.65
12.3
9.67
9.14
11.58
12.2
12.23
9.18
11.47
11.44
12.47
10.07
11.37
10.54
9.64
10.54
11.41
11.04
8.66
11.03
9.16
9.96
9.41
11.42
10.94
11.72
10.36
9.65
10.52
10.49
9.27
12.25
9.43
11.85
9.29
11.3
10.2
9.01
10.19
8.51
9.26
10.81
10.85
8.52
11.81
10.78
11.21
8.77
12.25
11.89
9.01
8.76
10.01
9.18
9.65
12.19
11.38
10.74
10.69
12.36
10.34
11.07
11.16
9.47
10.66
8.71
9.13
12.01
9.75
10.83
8.83
10.89
9.35
8.65
10.27
10.85
11.6
9.39
12.11
8.66
9
10.08
9.9
11.12
9.97
9
10.74
8.75
10.7
9.59
12.41
11.95
10.81
10.32
10.66
10.68
12.14
9.88
10.35
11.59
10.14
11.69
11.51
9.91
11.56
10.62
11.9
9.86
11.41
11.29
9.09
10.49
11.13
10.53
11.85
8.75
9.66
8.53
11.99
10.16
10.47
8.88
9.8
8.65
10.91
9.37
8.57
11.52
10.48
12.08
11.2
10.22
11.54
9.02
11.01
9.81
11.07
12.49
12.06
11.85
9.6
9.37
9.84
11.91
9
10.42
9.32
8.78
10.97
10.4
9.51
12.11
10.38
8.69
9.61
9.75
10.39
11.35
11.49
10.68
10.54
8.88
11.87
11.82
8.58
11.36
11.44
10.61
12.02
10.54
10.18
9.66
8.97
8.64
9.05
9.59
11.54
10.39
12.15
8.99
8.55
12.29
9.05
8.58
11.06
11.59
12.34
11.34
11.9
9.76
11.92
12.21
9.5
9.87
9.8
9.21
10
10.51
11.82
10.13
11.48
11.21
9.25
8.92
8.71
12.35
11.63
10.23
12.13
8.52
10.7
12.49
11.7
11
10.63
10.75
12.32
11.78
9.26
9.49
11.52
8.59
11.2
10.75
11.12
10.47
8.66
11.6
11.33
12.34
12.09
9.53
11.07
10.51
10
9.83
11.53
8.62
12.36
11.21
12.45
10.6
11.71
11.88
11.55
11.92
9.01
11
11.73
11.55
9.39
10.71
9.75
10.83
11.11
11.38
8.5
11
10.3
10.74
12.18
8.53
11.4
12.29
8.92
9.67
9.91
9.68
9.49
9.29
11.71
12.19
11.92
10.55
9.53
9.42
9.38
11.82
11.7
11.69
9.95
10.15
12.36
12.27
11.44
9.87
12.28
8.74
11.9
11.12
9.83
9.03
10.82
10.11
11.52
12.42
11.7
11.92
11.45
10.37
10.51
11.83
10.01
10.93
12.34
9.69
11.29
11.69
9.8
10.19
10.5
9.17
11.79
11.11
9.29
10.52
8.66
11.62
9.34
11.55
9.89
9.67
10.27
10.86
11.96
11.18
9.87
10.3
11.52
9.6
10.22
9.95
8.87
9.82
9.68
10.62
8.64
9.93
12.43
10.24
11.08
9.08
11.43
10.21
9.11
9.16
9.73
12.2
9.32
9.49
12.26
8.57
11.07
12.39
8.97
9.33
10.05
11.64
11.47
9.65
12.32
9.48
8.67
8.7
12.47
9.04
8.79
10.47
9.93
11.16
10.38
11.23
11.69
11.6
8.96
9.31
10.73
8.55
10.24
11.3
9.95
10.16
9.48
10.52
9.83
10.14
11.38
8.97
9.34
8.85
9.06
9.5
10.95
11.27
10.42
10.1
8.9
11.23
10.24
8.57
8.86
11.75
10.77
10.65
11.61
9.53
9.37
11.97
11.93
12.16
11.09
10
9.89
8.67
12.2
10.65
12.49
10.64
11.36
10.82
10.16
12.31
9.62
9.58
10.59
9.38
8.77
8.91
9.67
11.36
8.9
12
10.8
10.17
10.93
10.69
11.88
11.32
11.41
8.79
9.27
11.9
9.54
9.68
10.25
11.56
12.1
10.78
11.56
12.26
10.1
10.75
12.37
11.92
10.91
9.04
10.63
9.69
8.56
10.73
9.26
8.95
10.79
9.06
11.75
11.59
11.69
12.21
10.23
10.01
11.26
9.67
11.73
11.06
10.05
10.75
11.26
12.44
11.82
11.52
9.77
10.49
9.85
9.9
9.75
10.65
12.12
11.38
11.76
10.38
8.55
10.69
11.26
9.18
12.03
8.81
9.61
8.97
10.42
11.16
12.37
12.39
9.04
10.05
9.5
8.93
11.52
9.8
10.37
8.65
10.28
10.69
10.37
9.53
9.45
11.27
11.6
9.38
11.81
9.6
11.96
8.81
8.95
12.35
9.95
9.07
10.91
11.05
11.53
9.73
9.63
10.78
10.51
9.15
11.65
9.87
9.94
12.29
8.9
9.32
11.62
10.82
9.5
11.6
8.6
10.36
8.81
10.22
12.22
9.26
9.7
8.72
9.66
9.32
11.7
12.06
11.93
9.18
8.59
8.93
10.52
8.96
10.77
9.13
11.52
11.99
8.68
9.71
10.38
12.07
9.82
11.8
8.97
10.99
10.47
9.64
11.8
9.84
12.24
12.09
8.75
9.18
11.32
10.76
8.53
9.4
9.62
9.68
9.95
12.09
10.44
9.25
12.2
12.47
11.29
11.15
8.54
大目标的随机数均值和方差分别是10.4629433962264和1.30840089616736