id	RoadID	x	y	longtitude	latitude	gxid	gyid	RecePower
0	0	667987	3545330	 	 	 	 	 
1	0	667982	3545331.6	 	 	 	 	 
2	0	667977	3545333.2	 	 	 	 	 
3	0	667972	3545334.8	 	 	 	 	 
4	0	667967	3545336.3	 	 	 	 	 
5	0	667962	3545337.9	 	 	 	 	 
6	0	667957	3545339.5	 	 	 	 	 
7	0	667952	3545341.1	 	 	 	 	 
8	0	667947	3545342.7	 	 	 	 	 
9	0	667942	3545344.3	 	 	 	 	 
10	0	667937	3545345.9	 	 	 	 	 
11	0	667932	3545347.4	 	 	 	 	 
12	0	667927	3545349	 	 	 	 	 
13	0	667922	3545350.6	 	 	 	 	 
14	0	667917	3545352.2	 	 	 	 	 
15	0	667912	3545353.8	 	 	 	 	 
16	0	667907	3545355.4	 	 	 	 	 
17	0	667902	3545357	 	 	 	 	 
18	0	667897	3545358.5	 	 	 	 	 
19	0	667892	3545360.1	 	 	 	 	 
20	0	667887	3545361.7	 	 	 	 	 
21	0	667882	3545363.3	 	 	 	 	 
22	0	667877	3545364.9	 	 	 	 	 
23	0	667872	3545366.5	 	 	 	 	 
24	0	667867	3545368.1	 	 	 	 	 
25	0	667862	3545369.6	 	 	 	 	 
26	0	667857	3545371.2	 	 	 	 	 
27	0	667852	3545372.8	 	 	 	 	 
28	0	667847	3545374.4	 	 	 	 	 
29	0	667842	3545376	 	 	 	 	 
30	0	667837	3545377.6	 	 	 	 	 
31	0	667832	3545379.2	 	 	 	 	 
32	0	667827	3545380.7	 	 	 	 	 
33	0	667822	3545382.3	 	 	 	 	 
34	0	667817	3545383.9	 	 	 	 	 
35	0	667812	3545385.5	 	 	 	 	 
36	0	667807	3545387.1	 	 	 	 	 
37	0	667802	3545388.7	 	 	 	 	 
38	0	667797	3545390.3	 	 	 	 	 
39	0	667792	3545391.8	 	 	 	 	 
40	0	667787	3545393.4	 	 	 	 	 
41	0	667782	3545395	 	 	 	 	 
42	0	667777	3545396.6	 	 	 	 	 
43	0	667772	3545398.2	 	 	 	 	 
44	0	667767	3545399.8	 	 	 	 	 
45	0	667762	3545401.4	 	 	 	 	 
46	0	667757	3545402.9	 	 	 	 	 
47	0	667752	3545404.5	 	 	 	 	 
48	0	667747	3545406.1	 	 	 	 	 
49	0	667742	3545407.7	 	 	 	 	 
50	0	667737	3545409.3	 	 	 	 	 
51	0	667732	3545410.9	 	 	 	 	 
52	0	667727	3545412.5	 	 	 	 	 
53	0	667722	3545414	 	 	 	 	 
54	0	667717	3545415.6	 	 	 	 	 
55	0	667712	3545417.2	 	 	 	 	 
56	0	667707	3545418.8	 	 	 	 	 
57	0	667702	3545420.4	 	 	 	 	 
58	0	667697	3545422	 	 	 	 	 
59	0	667692	3545423.6	 	 	 	 	 
60	0	667687	3545425.1	 	 	 	 	 
61	0	667682	3545426.7	 	 	 	 	 
62	0	667677	3545428.3	 	 	 	 	 
63	0	667672	3545429.9	 	 	 	 	 
64	0	667667	3545431.5	 	 	 	 	 
65	0	667662	3545433.1	 	 	 	 	 
66	0	667657	3545434.7	 	 	 	 	 
67	0	667652	3545436.2	 	 	 	 	 
68	0	667647	3545437.8	 	 	 	 	 
69	0	667642	3545439.4	 	 	 	 	 
70	0	667637	3545441	 	 	 	 	 
71	0	667632	3545442.6	 	 	 	 	 
72	0	667627	3545444.2	 	 	 	 	 
73	0	667622	3545445.8	 	 	 	 	 
74	0	667617	3545447.3	 	 	 	 	 
75	0	667612	3545448.9	 	 	 	 	 
76	0	667607	3545450.5	 	 	 	 	 
77	0	667602	3545452.1	 	 	 	 	 
78	0	667597	3545453.7	 	 	 	 	 
79	0	667596	3545454	 	 	 	 	 
80	0	667591	3545456.5	 	 	 	 	 
81	0	667586	3545459	 	 	 	 	 
82	0	667581	3545461.6	 	 	 	 	 
83	0	667576	3545464.1	 	 	 	 	 
84	0	667571	3545466.6	 	 	 	 	 
85	0	667566	3545469.1	 	 	 	 	 
86	0	667561	3545471.7	 	 	 	 	 
87	0	667556	3545474.2	 	 	 	 	 
88	0	667551	3545476.7	 	 	 	 	 
89	0	667546	3545479.2	 	 	 	 	 
90	0	667541	3545481.8	 	 	 	 	 
91	0	667536	3545484.3	 	 	 	 	 
92	0	667531	3545486.8	 	 	 	 	 
93	0	667526	3545489.3	 	 	 	 	 
94	0	667521	3545491.9	 	 	 	 	 
95	0	667516	3545494.4	 	 	 	 	 
96	0	667511	3545496.9	 	 	 	 	 
97	0	667506	3545499.4	 	 	 	 	 
98	0	667501	3545501.9	 	 	 	 	 
99	0	667496	3545504.5	 	 	 	 	 
100	0	667491	3545507	 	 	 	 	 
101	0	667486	3545509.5	 	 	 	 	 
102	0	667481	3545512	 	 	 	 	 
103	0	667476	3545514.6	 	 	 	 	 
104	0	667471	3545517.1	 	 	 	 	 
105	0	667466	3545519.6	 	 	 	 	 
106	0	667461	3545522.1	 	 	 	 	 
107	0	667456	3545524.7	 	 	 	 	 
108	0	667451	3545527.2	 	 	 	 	 
109	0	667446	3545529.7	 	 	 	 	 
110	0	667441	3545532.2	 	 	 	 	 
111	0	667436	3545534.8	 	 	 	 	 
112	0	667431	3545537.3	 	 	 	 	 
113	0	667426	3545539.8	 	 	 	 	 
114	0	667421	3545542.3	 	 	 	 	 
115	0	667416	3545544.8	 	 	 	 	 
116	0	667411	3545547.4	 	 	 	 	 
117	0	667406	3545549.9	 	 	 	 	 
118	0	667401	3545552.4	 	 	 	 	 
119	0	667396	3545554.9	 	 	 	 	 
120	0	667391	3545557.5	 	 	 	 	 
121	0	667386	3545560	 	 	 	 	 
122	0	667381	3545562.5	 	 	 	 	 
123	0	667376	3545565	 	 	 	 	 
124	0	667371	3545567.6	 	 	 	 	 
125	0	667366	3545570.1	 	 	 	 	 
126	0	667361	3545572.6	 	 	 	 	 
127	0	667356	3545575.1	 	 	 	 	 
128	0	667351	3545577.7	 	 	 	 	 
129	0	667346	3545580.2	 	 	 	 	 
130	0	667341	3545582.7	 	 	 	 	 
131	0	667336	3545585.2	 	 	 	 	 
132	0	667331	3545587.7	 	 	 	 	 
133	0	667326	3545590.3	 	 	 	 	 
134	0	667321	3545592.8	 	 	 	 	 
135	0	667316	3545595.3	 	 	 	 	 
136	0	667311	3545597.8	 	 	 	 	 
137	0	667306	3545600.4	 	 	 	 	 
138	0	667301	3545602.9	 	 	 	 	 
139	0	667296	3545605.4	 	 	 	 	 
140	0	667291	3545607.9	 	 	 	 	 
141	0	667286	3545610.5	 	 	 	 	 
142	0	667281	3545613	 	 	 	 	 
143	0	667276	3545615.5	 	 	 	 	 
144	0	667271	3545618	 	 	 	 	 
145	0	667266	3545620.6	 	 	 	 	 
146	0	667261	3545623.1	 	 	 	 	 
147	0	667256	3545625.6	 	 	 	 	 
148	0	667251	3545628.1	 	 	 	 	 
149	0	667246	3545630.7	 	 	 	 	 
150	0	667241	3545633.2	 	 	 	 	 
151	0	667236	3545635.7	 	 	 	 	 
152	0	667231	3545638.2	 	 	 	 	 
153	0	667226	3545640.7	 	 	 	 	 
154	0	667221	3545643.3	 	 	 	 	 
155	0	667216	3545645.8	 	 	 	 	 
156	0	667211	3545648.3	 	 	 	 	 
157	0	667206	3545650.8	 	 	 	 	 
158	0	667201	3545653.4	 	 	 	 	 
159	0	667196	3545655.9	 	 	 	 	 
160	0	667191	3545658.4	 	 	 	 	 
161	0	667186	3545660.9	 	 	 	 	 
162	0	667181	3545663.5	 	 	 	 	 
163	0	667176	3545666	 	 	 	 	 
164	0	667172	3545668	 	 	 	 	 
165	0	667167	3545671.1	 	 	 	 	 
166	0	667162	3545674.3	 	 	 	 	 
167	0	667157	3545677.4	 	 	 	 	 
168	0	667152	3545680.5	 	 	 	 	 
169	0	667147	3545683.6	 	 	 	 	 
170	0	667142	3545686.8	 	 	 	 	 
171	0	667137	3545689.9	 	 	 	 	 
172	0	667132	3545693	 	 	 	 	 
173	0	667127	3545696.2	 	 	 	 	 
174	0	667122	3545699.3	 	 	 	 	 
175	0	667117	3545702.4	 	 	 	 	 
176	0	667112	3545705.5	 	 	 	 	 
177	0	667107	3545708.7	 	 	 	 	 
178	0	667102	3545711.8	 	 	 	 	 
179	0	667097	3545714.9	 	 	 	 	 
180	0	667092	3545718.1	 	 	 	 	 
181	0	667087	3545721.2	 	 	 	 	 
182	0	667082	3545724.3	 	 	 	 	 
183	0	667077	3545727.4	 	 	 	 	 
184	0	667072	3545730.6	 	 	 	 	 
185	0	667067	3545733.7	 	 	 	 	 
186	0	667062	3545736.8	 	 	 	 	 
187	0	667057	3545740	 	 	 	 	 
188	0	667052	3545743.1	 	 	 	 	 
189	0	667047	3545746.2	 	 	 	 	 
190	0	667042	3545749.3	 	 	 	 	 
191	0	667037	3545752.5	 	 	 	 	 
192	0	667032	3545755.6	 	 	 	 	 
193	0	667027	3545758.7	 	 	 	 	 
194	0	667022	3545761.9	 	 	 	 	 
195	0	667017	3545765	 	 	 	 	 
196	0	667012	3545768.1	 	 	 	 	 
197	0	667007	3545771.2	 	 	 	 	 
198	0	667002	3545774.4	 	 	 	 	 
199	1	667001	3545775	 	 	 	 	 
200	1	667002.2	3545780	 	 	 	 	 
201	1	667003.4	3545785	 	 	 	 	 
202	1	667004.6	3545790	 	 	 	 	 
203	1	667005.8	3545795	 	 	 	 	 
204	1	667007	3545800	 	 	 	 	 
205	1	667008.2	3545805	 	 	 	 	 
206	1	667009.4	3545810	 	 	 	 	 
207	1	667010.6	3545815	 	 	 	 	 
208	1	667011.8	3545820	 	 	 	 	 
209	1	667013	3545825	 	 	 	 	 
210	1	667014.2	3545830	 	 	 	 	 
211	1	667015.4	3545835	 	 	 	 	 
212	1	667016.6	3545840	 	 	 	 	 
213	1	667017.8	3545845	 	 	 	 	 
214	1	667019	3545850	 	 	 	 	 
215	1	667020.2	3545855	 	 	 	 	 
216	1	667021.4	3545860	 	 	 	 	 
217	1	667022.6	3545865	 	 	 	 	 
218	1	667023.8	3545870	 	 	 	 	 
219	1	667025	3545875	 	 	 	 	 
220	1	667026.2	3545880	 	 	 	 	 
221	1	667027.4	3545885	 	 	 	 	 
222	1	667028.6	3545890	 	 	 	 	 
223	1	667029.8	3545895	 	 	 	 	 
224	1	667031	3545900	 	 	 	 	 
225	1	667032.2	3545905	 	 	 	 	 
226	1	667033.4	3545910	 	 	 	 	 
227	1	667034.6	3545915	 	 	 	 	 
228	1	667035.8	3545920	 	 	 	 	 
229	1	667037	3545925	 	 	 	 	 
230	1	667038.2	3545930	 	 	 	 	 
231	1	667039.4	3545935	 	 	 	 	 
232	1	667040.7	3545940	 	 	 	 	 
233	1	667041.9	3545945	 	 	 	 	 
234	1	667043.1	3545950	 	 	 	 	 
235	1	667044.3	3545955	 	 	 	 	 
236	1	667045.5	3545960	 	 	 	 	 
237	1	667046.7	3545965	 	 	 	 	 
238	1	667047.9	3545970	 	 	 	 	 
239	1	667049.1	3545975	 	 	 	 	 
240	1	667050.3	3545980	 	 	 	 	 
241	1	667051.5	3545985	 	 	 	 	 
242	1	667052.7	3545990	 	 	 	 	 
243	1	667053.9	3545995	 	 	 	 	 
244	1	667055.1	3546000	 	 	 	 	 
245	1	667056.3	3546005	 	 	 	 	 
246	1	667057.5	3546010	 	 	 	 	 
247	1	667058.7	3546015	 	 	 	 	 
248	1	667059.9	3546020	 	 	 	 	 
249	1	667061.1	3546025	 	 	 	 	 
250	1	667062.3	3546030	 	 	 	 	 
251	1	667063	3546033	 	 	 	 	 
252	1	667063.6	3546038	 	 	 	 	 
253	1	667064.3	3546043	 	 	 	 	 
254	1	667064.9	3546048	 	 	 	 	 
255	1	667065.6	3546053	 	 	 	 	 
256	1	667066.2	3546058	 	 	 	 	 
257	1	667066.9	3546063	 	 	 	 	 
258	1	667067.5	3546068	 	 	 	 	 
259	1	667068.2	3546073	 	 	 	 	 
260	1	667068.8	3546078	 	 	 	 	 
261	1	667069.5	3546083	 	 	 	 	 
262	1	667070.1	3546088	 	 	 	 	 
263	1	667070.8	3546093	 	 	 	 	 
264	1	667071.4	3546098	 	 	 	 	 
265	1	667072	3546103	 	 	 	 	 
266	1	667072.7	3546108	 	 	 	 	 
267	1	667073.3	3546113	 	 	 	 	 
268	1	667074	3546118	 	 	 	 	 
269	1	667074.6	3546123	 	 	 	 	 
270	1	667075.3	3546128	 	 	 	 	 
271	1	667075.9	3546133	 	 	 	 	 
272	1	667076.6	3546138	 	 	 	 	 
273	1	667077.2	3546143	 	 	 	 	 
274	1	667077.9	3546148	 	 	 	 	 
275	1	667078.5	3546153	 	 	 	 	 
276	1	667079.1	3546158	 	 	 	 	 
277	1	667079.8	3546163	 	 	 	 	 
278	1	667080.4	3546168	 	 	 	 	 
279	1	667081.1	3546173	 	 	 	 	 
280	1	667081.7	3546178	 	 	 	 	 
281	1	667082.4	3546183	 	 	 	 	 
282	1	667083	3546188	 	 	 	 	 
283	1	667083.7	3546193	 	 	 	 	 
284	1	667084.3	3546198	 	 	 	 	 
285	1	667085	3546203	 	 	 	 	 
286	1	667085.6	3546208	 	 	 	 	 
287	1	667086.3	3546213	 	 	 	 	 
288	1	667086.9	3546218	 	 	 	 	 
289	1	667087.5	3546223	 	 	 	 	 
290	1	667088.2	3546228	 	 	 	 	 
291	1	667088.8	3546233	 	 	 	 	 
292	1	667089.5	3546238	 	 	 	 	 
293	1	667090	3546242	 	 	 	 	 
294	1	667091.2	3546247	 	 	 	 	 
295	1	667092.3	3546252	 	 	 	 	 
296	1	667093.5	3546257	 	 	 	 	 
297	1	667094.7	3546262	 	 	 	 	 
298	1	667095.9	3546267	 	 	 	 	 
299	1	667097	3546272	 	 	 	 	 
300	1	667098.2	3546277	 	 	 	 	 
301	1	667099.4	3546282	 	 	 	 	 
302	1	667100.5	3546287	 	 	 	 	 
303	1	667101.7	3546292	 	 	 	 	 
304	1	667102.9	3546297	 	 	 	 	 
305	1	667104	3546302	 	 	 	 	 
306	1	667105.2	3546307	 	 	 	 	 
307	1	667106.4	3546312	 	 	 	 	 
308	1	667107.6	3546317	 	 	 	 	 
309	1	667108.7	3546322	 	 	 	 	 
310	1	667109.9	3546327	 	 	 	 	 
311	1	667111.1	3546332	 	 	 	 	 
312	1	667112.2	3546337	 	 	 	 	 
313	1	667113.4	3546342	 	 	 	 	 
314	1	667114.6	3546347	 	 	 	 	 
315	1	667115.8	3546352	 	 	 	 	 
316	1	667116.9	3546357	 	 	 	 	 
317	1	667118.1	3546362	 	 	 	 	 
318	1	667119.3	3546367	 	 	 	 	 
319	1	667120.4	3546372	 	 	 	 	 
320	1	667121.6	3546377	 	 	 	 	 
321	1	667122.8	3546382	 	 	 	 	 
322	1	667124	3546387	 	 	 	 	 
323	1	667125.1	3546392	 	 	 	 	 
324	1	667126.3	3546397	 	 	 	 	 
325	1	667127.5	3546402	 	 	 	 	 
326	1	667128.6	3546407	 	 	 	 	 
327	1	667129.8	3546412	 	 	 	 	 
328	1	667131	3546417	 	 	 	 	 
329	1	667132.1	3546422	 	 	 	 	 
330	1	667133.3	3546427	 	 	 	 	 
331	1	667134.5	3546432	 	 	 	 	 
332	1	667135.7	3546437	 	 	 	 	 
333	1	667136.8	3546442	 	 	 	 	 
334	1	667138	3546447	 	 	 	 	 
335	1	667139.2	3546452	 	 	 	 	 
336	1	667140.3	3546457	 	 	 	 	 
337	1	667141.5	3546462	 	 	 	 	 
338	1	667142.7	3546467	 	 	 	 	 
339	1	667143.9	3546472	 	 	 	 	 
340	1	667145	3546477	 	 	 	 	 
341	1	667146.2	3546482	 	 	 	 	 
342	1	667147.4	3546487	 	 	 	 	 
343	1	667148.5	3546492	 	 	 	 	 
344	1	667149.7	3546497	 	 	 	 	 
345	1	667150.9	3546502	 	 	 	 	 
346	1	667152.1	3546507	 	 	 	 	 
347	1	667153.2	3546512	 	 	 	 	 
348	1	667154.4	3546517	 	 	 	 	 
349	1	667155.6	3546522	 	 	 	 	 
350	1	667156.7	3546527	 	 	 	 	 
351	1	667157.9	3546532	 	 	 	 	 
352	1	667159.1	3546537	 	 	 	 	 
353	1	667160.2	3546542	 	 	 	 	 
354	1	667161.4	3546547	 	 	 	 	 
355	1	667162.6	3546552	 	 	 	 	 
356	1	667163.8	3546557	 	 	 	 	 
357	1	667164.9	3546562	 	 	 	 	 
358	1	667166.1	3546567	 	 	 	 	 
359	1	667167.3	3546572	 	 	 	 	 
360	1	667168.4	3546577	 	 	 	 	 
361	1	667169.6	3546582	 	 	 	 	 
362	1	667170.8	3546587	 	 	 	 	 
363	1	667172	3546592	 	 	 	 	 
364	1	667173.1	3546597	 	 	 	 	 
365	1	667174.3	3546602	 	 	 	 	 
366	1	667175.5	3546607	 	 	 	 	 
367	1	667176.6	3546612	 	 	 	 	 
368	1	667177.8	3546617	 	 	 	 	 
369	1	667179	3546622	 	 	 	 	 
370	1	667180.2	3546627	 	 	 	 	 
371	1	667181.3	3546632	 	 	 	 	 
372	1	667182.5	3546637	 	 	 	 	 
373	1	667183.7	3546642	 	 	 	 	 
374	1	667184.8	3546647	 	 	 	 	 
375	1	667186	3546652	 	 	 	 	 
376	1	667187.2	3546657	 	 	 	 	 
377	1	667188.3	3546662	 	 	 	 	 
378	1	667189.5	3546667	 	 	 	 	 
379	1	667190.7	3546672	 	 	 	 	 
380	1	667191.9	3546677	 	 	 	 	 
381	1	667193	3546682	 	 	 	 	 
382	1	667194.2	3546687	 	 	 	 	 
383	1	667195.4	3546692	 	 	 	 	 
384	1	667196.5	3546697	 	 	 	 	 
385	1	667197.7	3546702	 	 	 	 	 
386	1	667198.9	3546707	 	 	 	 	 
387	1	667200.1	3546712	 	 	 	 	 
388	1	667201.2	3546717	 	 	 	 	 
389	1	667202.4	3546722	 	 	 	 	 
390	1	667203.6	3546727	 	 	 	 	 
391	1	667204.7	3546732	 	 	 	 	 
392	1	667205.9	3546737	 	 	 	 	 
393	1	667207.1	3546742	 	 	 	 	 
394	1	667208.3	3546747	 	 	 	 	 
395	1	667209.4	3546752	 	 	 	 	 
396	1	667210.6	3546757	 	 	 	 	 
397	1	667211.8	3546762	 	 	 	 	 
398	1	667212.9	3546767	 	 	 	 	 
399	1	667214.1	3546772	 	 	 	 	 
400	1	667215.3	3546777	 	 	 	 	 
401	1	667216.4	3546782	 	 	 	 	 
402	1	667217.6	3546787	 	 	 	 	 
403	1	667218.8	3546792	 	 	 	 	 
404	1	667220	3546797	 	 	 	 	 
405	1	667221.1	3546802	 	 	 	 	 
406	1	667222.3	3546807	 	 	 	 	 
407	1	667223.5	3546812	 	 	 	 	 
408	1	667224.6	3546817	 	 	 	 	 
409	1	667225.8	3546822	 	 	 	 	 
410	1	667227	3546827	 	 	 	 	 
411	1	667228.2	3546832	 	 	 	 	 
412	1	667229.3	3546837	 	 	 	 	 
413	1	667230.5	3546842	 	 	 	 	 
414	1	667231.7	3546847	 	 	 	 	 
415	1	667232.8	3546852	 	 	 	 	 
416	1	667234	3546857	 	 	 	 	 
417	1	667235.2	3546862	 	 	 	 	 
418	1	667236.3	3546867	 	 	 	 	 
419	1	667237.5	3546872	 	 	 	 	 
420	1	667238.7	3546877	 	 	 	 	 
421	1	667239.9	3546882	 	 	 	 	 
422	1	667241	3546887	 	 	 	 	 
423	1	667242.2	3546892	 	 	 	 	 
424	1	667243.4	3546897	 	 	 	 	 
425	1	667244.5	3546902	 	 	 	 	 
426	1	667245.7	3546907	 	 	 	 	 
427	1	667246.9	3546912	 	 	 	 	 
428	1	667248.1	3546917	 	 	 	 	 
429	1	667249.2	3546922	 	 	 	 	 
430	1	667250.4	3546927	 	 	 	 	 
431	1	667251.6	3546932	 	 	 	 	 
432	1	667252.7	3546937	 	 	 	 	 
433	1	667253.9	3546942	 	 	 	 	 
434	1	667255.1	3546947	 	 	 	 	 
435	1	667256.3	3546952	 	 	 	 	 
436	1	667257.4	3546957	 	 	 	 	 
437	1	667258.6	3546962	 	 	 	 	 
438	1	667259.8	3546967	 	 	 	 	 
439	1	667262	3546968	 	 	 	 	 
440	1	667262	3546973	 	 	 	 	 
441	1	667262	3546978	 	 	 	 	 
442	1	667262	3546983	 	 	 	 	 
443	1	667262	3546988	 	 	 	 	 
444	1	667262	3546993	 	 	 	 	 
445	1	667262	3546998	 	 	 	 	 
446	1	667262	3547003	 	 	 	 	 
447	1	667262	3547008	 	 	 	 	 
448	1	667262	3547013	 	 	 	 	 
449	1	667262	3547018	 	 	 	 	 
450	1	667262	3547023	 	 	 	 	 
451	1	667262	3547028	 	 	 	 	 
452	1	667262	3547033	 	 	 	 	 
453	1	667262	3547038	 	 	 	 	 
454	1	667262	3547043	 	 	 	 	 
455	1	667262	3547048	 	 	 	 	 
456	1	667262	3547053	 	 	 	 	 
457	1	667262	3547058	 	 	 	 	 
458	1	667262	3547063	 	 	 	 	 
459	1	667262	3547068	 	 	 	 	 
460	1	667262	3547073	 	 	 	 	 
461	1	667262	3547078	 	 	 	 	 
462	1	667262	3547083	 	 	 	 	 
463	1	667262	3547088	 	 	 	 	 
464	1	667262	3547093	 	 	 	 	 
465	1	667262	3547098	 	 	 	 	 
466	1	667262	3547103	 	 	 	 	 
467	1	667262	3547108	 	 	 	 	 
468	1	667262	3547113	 	 	 	 	 
469	1	667262	3547118	 	 	 	 	 
470	1	667262	3547123	 	 	 	 	 
471	1	667262	3547128	 	 	 	 	 
472	1	667262	3547133	 	 	 	 	 
473	1	667262	3547138	 	 	 	 	 
474	1	667264	3547139	 	 	 	 	 
475	1	667266.3	3547144	 	 	 	 	 
476	1	667268.6	3547149	 	 	 	 	 
477	1	667271	3547154	 	 	 	 	 
478	1	667273.3	3547159	 	 	 	 	 
479	1	667275.6	3547164	 	 	 	 	 
480	1	667277.9	3547169	 	 	 	 	 
481	1	667280.2	3547174	 	 	 	 	 
482	1	667282.6	3547179	 	 	 	 	 
483	1	667284.9	3547184	 	 	 	 	 
484	1	667287.2	3547189	 	 	 	 	 
485	1	667289.5	3547194	 	 	 	 	 
486	1	667291.8	3547199	 	 	 	 	 
487	1	667294.1	3547204	 	 	 	 	 
488	1	667296	3547208	 	 	 	 	 
489	1	667297.4	3547213	 	 	 	 	 
490	1	667298.7	3547218	 	 	 	 	 
491	1	667300.1	3547223	 	 	 	 	 
492	1	667301.5	3547228	 	 	 	 	 
493	1	667302.9	3547233	 	 	 	 	 
494	1	667304.2	3547238	 	 	 	 	 
495	1	667305.6	3547243	 	 	 	 	 
496	1	667307	3547248	 	 	 	 	 
497	1	667308.4	3547253	 	 	 	 	 
498	1	667309.7	3547258	 	 	 	 	 
499	1	667311.1	3547263	 	 	 	 	 
500	1	667312.5	3547268	 	 	 	 	 
501	1	667313.8	3547273	 	 	 	 	 
502	1	667315.2	3547278	 	 	 	 	 
503	1	667316.6	3547283	 	 	 	 	 
504	1	667318	3547288	 	 	 	 	 
505	1	667319.3	3547293	 	 	 	 	 
506	1	667320.7	3547298	 	 	 	 	 
507	1	667322.1	3547303	 	 	 	 	 
508	1	667323.5	3547308	 	 	 	 	 
509	1	667324.8	3547313	 	 	 	 	 
510	1	667326.2	3547318	 	 	 	 	 
511	1	667327.6	3547323	 	 	 	 	 
512	1	667328.9	3547328	 	 	 	 	 
513	1	667330.3	3547333	 	 	 	 	 
514	1	667331.7	3547338	 	 	 	 	 
515	1	667333.1	3547343	 	 	 	 	 
516	1	667334.4	3547348	 	 	 	 	 
517	1	667335.8	3547353	 	 	 	 	 
518	1	667337.2	3547358	 	 	 	 	 
519	1	667338	3547361	 	 	 	 	 
520	1	667336.3	3547366	 	 	 	 	 
521	1	667334.6	3547371	 	 	 	 	 
522	1	667332.9	3547376	 	 	 	 	 
523	1	667331.2	3547381	 	 	 	 	 
524	1	667329.5	3547386	 	 	 	 	 
525	1	667327.8	3547391	 	 	 	 	 
526	1	667326.1	3547396	 	 	 	 	 
527	1	667324.4	3547401	 	 	 	 	 
528	1	667322.7	3547406	 	 	 	 	 
529	1	667321	3547411	 	 	 	 	 
530	1	667319.3	3547416	 	 	 	 	 
531	1	667317.7	3547421	 	 	 	 	 
532	1	667316	3547426	 	 	 	 	 
533	1	667314.3	3547431	 	 	 	 	 
534	1	667312.6	3547436	 	 	 	 	 
535	1	667310.9	3547441	 	 	 	 	 
536	1	667309.2	3547446	 	 	 	 	 
537	1	667307.5	3547451	 	 	 	 	 
538	1	667305.8	3547456	 	 	 	 	 
539	1	667304.1	3547461	 	 	 	 	 
540	1	667302.4	3547466	 	 	 	 	 
541	1	667300.7	3547471	 	 	 	 	 
542	1	667299	3547476	 	 	 	 	 
543	1	667295.4	3547481	 	 	 	 	 
544	1	667291.9	3547486	 	 	 	 	 
545	1	667288.3	3547491	 	 	 	 	 
546	1	667284.7	3547496	 	 	 	 	 
547	1	667281.2	3547501	 	 	 	 	 
548	1	667277.6	3547506	 	 	 	 	 
549	1	667274	3547511	 	 	 	 	 
550	1	667270.5	3547516	 	 	 	 	 
551	1	667266.9	3547521	 	 	 	 	 
552	1	667263.3	3547526	 	 	 	 	 
553	1	667259.8	3547531	 	 	 	 	 
554	1	667256.2	3547536	 	 	 	 	 
555	1	667252.6	3547541	 	 	 	 	 
556	1	667249.1	3547546	 	 	 	 	 
557	1	667245.5	3547551	 	 	 	 	 
558	1	667241.9	3547556	 	 	 	 	 
559	1	667238.4	3547561	 	 	 	 	 
560	1	667234.8	3547566	 	 	 	 	 
561	1	667231.2	3547571	 	 	 	 	 
562	1	667227.7	3547576	 	 	 	 	 
563	1	667224.1	3547581	 	 	 	 	 
564	1	667220.5	3547586	 	 	 	 	 
565	1	667217	3547591	 	 	 	 	 
566	1	667213.4	3547596	 	 	 	 	 
567	1	667209.8	3547601	 	 	 	 	 
568	1	667206.3	3547606	 	 	 	 	 
569	1	667202.7	3547611	 	 	 	 	 
570	1	667199.1	3547616	 	 	 	 	 
571	1	667195.6	3547621	 	 	 	 	 
572	2	667192	3547626	 	 	 	 	 
573	2	667197	3547624.7	 	 	 	 	 
574	2	667202	3547623.4	 	 	 	 	 
575	2	667207	3547622.1	 	 	 	 	 
576	2	667212	3547620.7	 	 	 	 	 
577	2	667217	3547619.4	 	 	 	 	 
578	2	667222	3547618.1	 	 	 	 	 
579	2	667227	3547616.8	 	 	 	 	 
580	2	667232	3547615.5	 	 	 	 	 
581	2	667237	3547614.2	 	 	 	 	 
582	2	667242	3547612.9	 	 	 	 	 
583	2	667247	3547611.6	 	 	 	 	 
584	2	667252	3547610.2	 	 	 	 	 
585	2	667257	3547608.9	 	 	 	 	 
586	2	667262	3547607.6	 	 	 	 	 
587	2	667267	3547606.3	 	 	 	 	 
588	2	667272	3547605	 	 	 	 	 
589	2	667277	3547603.7	 	 	 	 	 
590	2	667282	3547602.4	 	 	 	 	 
591	2	667287	3547601.1	 	 	 	 	 
592	2	667291	3547600	 	 	 	 	 
593	2	667296	3547599.9	 	 	 	 	 
594	2	667301	3547599.7	 	 	 	 	 
595	2	667306	3547599.6	 	 	 	 	 
596	2	667311	3547599.5	 	 	 	 	 
597	2	667316	3547599.3	 	 	 	 	 
598	2	667321	3547599.2	 	 	 	 	 
599	2	667326	3547599.1	 	 	 	 	 
600	2	667331	3547598.9	 	 	 	 	 
601	2	667336	3547598.8	 	 	 	 	 
602	2	667341	3547598.7	 	 	 	 	 
603	2	667346	3547598.5	 	 	 	 	 
604	2	667351	3547598.4	 	 	 	 	 
605	2	667356	3547598.3	 	 	 	 	 
606	2	667361	3547598.1	 	 	 	 	 
607	2	667366	3547598	 	 	 	 	 
608	2	667371	3547597.8	 	 	 	 	 
609	2	667376	3547597.7	 	 	 	 	 
610	2	667381	3547597.6	 	 	 	 	 
611	2	667386	3547597.4	 	 	 	 	 
612	2	667391	3547597.3	 	 	 	 	 
613	2	667396	3547597.2	 	 	 	 	 
614	2	667401	3547597	 	 	 	 	 
615	2	667406	3547596.9	 	 	 	 	 
616	2	667411	3547596.8	 	 	 	 	 
617	2	667416	3547596.6	 	 	 	 	 
618	2	667421	3547596.5	 	 	 	 	 
619	2	667426	3547596.4	 	 	 	 	 
620	2	667431	3547596.2	 	 	 	 	 
621	2	667436	3547596.1	 	 	 	 	 
622	2	667441	3547596	 	 	 	 	 
623	2	667446	3547595.8	 	 	 	 	 
624	2	667451	3547595.7	 	 	 	 	 
625	2	667456	3547595.6	 	 	 	 	 
626	2	667461	3547595.4	 	 	 	 	 
627	2	667466	3547595.3	 	 	 	 	 
628	2	667471	3547595.2	 	 	 	 	 
629	2	667476	3547595	 	 	 	 	 
630	2	667481	3547594.9	 	 	 	 	 
631	2	667486	3547594.8	 	 	 	 	 
632	2	667491	3547594.6	 	 	 	 	 
633	2	667496	3547594.5	 	 	 	 	 
634	2	667501	3547594.4	 	 	 	 	 
635	2	667506	3547594.2	 	 	 	 	 
636	2	667511	3547594.1	 	 	 	 	 
637	2	667516	3547594	 	 	 	 	 
638	2	667521	3547593.8	 	 	 	 	 
639	2	667526	3547593.7	 	 	 	 	 
640	2	667531	3547593.5	 	 	 	 	 
641	2	667536	3547593.4	 	 	 	 	 
642	2	667541	3547593.3	 	 	 	 	 
643	2	667546	3547593.1	 	 	 	 	 
644	2	667551	3547593	 	 	 	 	 
645	2	667556	3547592.9	 	 	 	 	 
646	2	667561	3547592.7	 	 	 	 	 
647	2	667566	3547592.6	 	 	 	 	 
648	2	667571	3547592.5	 	 	 	 	 
649	2	667576	3547592.3	 	 	 	 	 
650	2	667581	3547592.2	 	 	 	 	 
651	2	667586	3547592.1	 	 	 	 	 
652	2	667591	3547591.9	 	 	 	 	 
653	2	667596	3547591.8	 	 	 	 	 
654	2	667601	3547591.7	 	 	 	 	 
655	2	667606	3547591.5	 	 	 	 	 
656	2	667611	3547591.4	 	 	 	 	 
657	2	667616	3547591.3	 	 	 	 	 
658	2	667621	3547591.1	 	 	 	 	 
659	2	667626	3547591	 	 	 	 	 
660	2	667631	3547590.9	 	 	 	 	 
661	2	667636	3547590.7	 	 	 	 	 
662	2	667641	3547590.6	 	 	 	 	 
663	2	667646	3547590.5	 	 	 	 	 
664	2	667651	3547590.3	 	 	 	 	 
665	2	667656	3547590.2	 	 	 	 	 
666	2	667661	3547590.1	 	 	 	 	 
667	2	667663	3547590	 	 	 	 	 
668	2	667668	3547590.6	 	 	 	 	 
669	2	667673	3547591.3	 	 	 	 	 
670	2	667678	3547591.9	 	 	 	 	 
671	2	667683	3547592.6	 	 	 	 	 
672	2	667688	3547593.2	 	 	 	 	 
673	2	667693	3547593.9	 	 	 	 	 
674	2	667698	3547594.5	 	 	 	 	 
675	2	667703	3547595.1	 	 	 	 	 
676	2	667708	3547595.8	 	 	 	 	 
677	2	667713	3547596.4	 	 	 	 	 
678	2	667718	3547597.1	 	 	 	 	 
679	2	667723	3547597.7	 	 	 	 	 
680	2	667728	3547598.3	 	 	 	 	 
681	2	667733	3547599	 	 	 	 	 
682	2	667738	3547599.6	 	 	 	 	 
683	2	667743	3547600.3	 	 	 	 	 
684	2	667748	3547600.9	 	 	 	 	 
685	2	667753	3547601.6	 	 	 	 	 
686	2	667758	3547602.2	 	 	 	 	 
687	2	667763	3547602.8	 	 	 	 	 
688	2	667768	3547603.5	 	 	 	 	 
689	2	667773	3547604.1	 	 	 	 	 
690	2	667778	3547604.8	 	 	 	 	 
691	2	667783	3547605.4	 	 	 	 	 
692	2	667788	3547606.1	 	 	 	 	 
693	2	667793	3547606.7	 	 	 	 	 
694	2	667798	3547607.3	 	 	 	 	 
695	2	667803	3547608	 	 	 	 	 
696	2	667808	3547608.6	 	 	 	 	 
697	2	667813	3547609.3	 	 	 	 	 
698	2	667818	3547609.9	 	 	 	 	 
699	2	667823	3547610.6	 	 	 	 	 
700	2	667828	3547611.2	 	 	 	 	 
701	2	667833	3547611.8	 	 	 	 	 
702	2	667838	3547612.5	 	 	 	 	 
703	2	667843	3547613.1	 	 	 	 	 
704	2	667848	3547613.8	 	 	 	 	 
705	2	667853	3547614.4	 	 	 	 	 
706	2	667858	3547615	 	 	 	 	 
707	2	667863	3547615.7	 	 	 	 	 
708	2	667868	3547616.3	 	 	 	 	 
709	2	667873	3547617	 	 	 	 	 
710	2	667878	3547617.6	 	 	 	 	 
711	2	667881	3547613.5	 	 	 	 	 
712	2	667886	3547613.5	 	 	 	 	 
713	2	667891	3547613.5	 	 	 	 	 
714	2	667896	3547613.5	 	 	 	 	 
715	2	667901	3547613.5	 	 	 	 	 
716	2	667906	3547613.5	 	 	 	 	 
717	2	667911	3547613.5	 	 	 	 	 
718	2	667916	3547613.5	 	 	 	 	 
719	2	667921	3547613.5	 	 	 	 	 
720	2	667926	3547613.5	 	 	 	 	 
721	2	667931	3547613.5	 	 	 	 	 
722	2	667936	3547613.5	 	 	 	 	 
723	2	667941	3547613.5	 	 	 	 	 
724	2	667946	3547613.5	 	 	 	 	 
725	2	667951	3547613.5	 	 	 	 	 
726	2	667956	3547613.5	 	 	 	 	 
727	2	667961	3547613.5	 	 	 	 	 
728	2	667966	3547613.5	 	 	 	 	 
729	2	667971	3547613.5	 	 	 	 	 
730	2	667976	3547613.5	 	 	 	 	 
731	2	667981	3547613.5	 	 	 	 	 
732	2	667986	3547613.5	 	 	 	 	 
733	2	667991	3547613.5	 	 	 	 	 
734	2	667996	3547613.5	 	 	 	 	 
735	2	668001	3547613.5	 	 	 	 	 
736	2	668006	3547613.5	 	 	 	 	 
737	2	668011	3547613.5	 	 	 	 	 
738	2	668016	3547613.5	 	 	 	 	 
739	2	668021	3547613.5	 	 	 	 	 
740	2	668026	3547613.5	 	 	 	 	 
741	2	668031	3547613.5	 	 	 	 	 
742	2	668036	3547613.5	 	 	 	 	 
743	2	668041	3547613.5	 	 	 	 	 
744	2	668046	3547613.5	 	 	 	 	 
745	2	668051	3547613.5	 	 	 	 	 
746	2	668056	3547613.5	 	 	 	 	 
747	2	668061	3547613.5	 	 	 	 	 
748	2	668066	3547613.5	 	 	 	 	 
749	2	668071	3547613.5	 	 	 	 	 
750	2	668076	3547613.5	 	 	 	 	 
751	2	668081	3547613.5	 	 	 	 	 
752	2	668086	3547613.5	 	 	 	 	 
753	2	668091	3547613.5	 	 	 	 	 
754	2	668096	3547613.5	 	 	 	 	 
755	2	668101	3547609	 	 	 	 	 
756	2	668106	3547608.5	 	 	 	 	 
757	2	668111	3547608	 	 	 	 	 
758	2	668116	3547607.4	 	 	 	 	 
759	2	668121	3547606.9	 	 	 	 	 
760	2	668126	3547606.4	 	 	 	 	 
761	2	668131	3547605.9	 	 	 	 	 
762	2	668136	3547605.3	 	 	 	 	 
763	2	668141	3547604.8	 	 	 	 	 
764	2	668146	3547604.3	 	 	 	 	 
765	2	668151	3547603.8	 	 	 	 	 
766	2	668156	3547603.2	 	 	 	 	 
767	2	668161	3547602.7	 	 	 	 	 
768	2	668166	3547602.2	 	 	 	 	 
769	2	668171	3547601.7	 	 	 	 	 
770	2	668176	3547601.1	 	 	 	 	 
771	2	668181	3547600.6	 	 	 	 	 
772	2	668186	3547600.1	 	 	 	 	 
773	2	668191	3547599.6	 	 	 	 	 
774	2	668196	3547599	 	 	 	 	 
775	2	668201	3547598.5	 	 	 	 	 
776	2	668206	3547598	 	 	 	 	 
777	2	668211	3547597.5	 	 	 	 	 
778	2	668216	3547596.9	 	 	 	 	 
779	2	668221	3547596.4	 	 	 	 	 
780	2	668226	3547595.9	 	 	 	 	 
781	2	668231	3547595.4	 	 	 	 	 
782	2	668236	3547594.8	 	 	 	 	 
783	2	668241	3547594.3	 	 	 	 	 
784	2	668244	3547594	 	 	 	 	 
785	2	668249	3547593.1	 	 	 	 	 
786	2	668254	3547592.1	 	 	 	 	 
787	2	668259	3547591.2	 	 	 	 	 
788	2	668264	3547590.2	 	 	 	 	 
789	2	668269	3547589.3	 	 	 	 	 
790	2	668274	3547588.3	 	 	 	 	 
791	2	668279	3547587.4	 	 	 	 	 
792	2	668284	3547586.4	 	 	 	 	 
793	2	668289	3547585.5	 	 	 	 	 
794	2	668294	3547584.5	 	 	 	 	 
795	2	668299	3547583.6	 	 	 	 	 
796	2	668304	3547582.6	 	 	 	 	 
797	2	668309	3547581.7	 	 	 	 	 
798	2	668314	3547580.8	 	 	 	 	 
799	2	668319	3547579.8	 	 	 	 	 
800	2	668324	3547578.9	 	 	 	 	 
801	2	668329	3547577.9	 	 	 	 	 
802	2	668334	3547577	 	 	 	 	 
803	2	668339	3547576	 	 	 	 	 
804	2	668344	3547575.1	 	 	 	 	 
805	2	668349	3547574.1	 	 	 	 	 
806	2	668354	3547573.2	 	 	 	 	 
807	2	668359	3547572.2	 	 	 	 	 
808	2	668364	3547571.3	 	 	 	 	 
809	2	668369	3547570.3	 	 	 	 	 
810	2	668374	3547569.4	 	 	 	 	 
811	2	668379	3547568.5	 	 	 	 	 
812	2	668384	3547567.5	 	 	 	 	 
813	2	668389	3547566.6	 	 	 	 	 
814	2	668394	3547565.6	 	 	 	 	 
815	2	668399	3547564.7	 	 	 	 	 
816	2	668404	3547563.7	 	 	 	 	 
817	2	668409	3547562.8	 	 	 	 	 
818	2	668414	3547561.8	 	 	 	 	 
819	2	668419	3547560.9	 	 	 	 	 
820	2	668424	3547559.9	 	 	 	 	 
821	2	668429	3547559	 	 	 	 	 
822	2	668434	3547558	 	 	 	 	 
823	2	668439	3547557.1	 	 	 	 	 
824	2	668444	3547556.2	 	 	 	 	 
825	2	668449	3547555.2	 	 	 	 	 
826	2	668454	3547554.3	 	 	 	 	 
827	2	668459	3547553.3	 	 	 	 	 
828	2	668464	3547552.4	 	 	 	 	 
829	2	668469	3547551.4	 	 	 	 	 
830	2	668474	3547550.5	 	 	 	 	 
831	2	668479	3547549.5	 	 	 	 	 
832	2	668484	3547548.6	 	 	 	 	 
833	2	668489	3547547.6	 	 	 	 	 
834	2	668494	3547546.7	 	 	 	 	 
835	2	668499	3547545.7	 	 	 	 	 
836	2	668504	3547544.8	 	 	 	 	 
837	2	668509	3547543.9	 	 	 	 	 
838	2	668514	3547542.9	 	 	 	 	 
839	2	668519	3547542	 	 	 	 	 
840	2	668524	3547541	 	 	 	 	 
841	2	668529	3547540.1	 	 	 	 	 
842	2	668534	3547539.1	 	 	 	 	 
843	2	668539	3547538.2	 	 	 	 	 
844	2	668544	3547537.2	 	 	 	 	 
845	2	668549	3547536.3	 	 	 	 	 
846	2	668554	3547535.3	 	 	 	 	 
847	2	668559	3547534.4	 	 	 	 	 
848	2	668564	3547533.4	 	 	 	 	 
849	2	668569	3547532.5	 	 	 	 	 
850	2	668574	3547531.6	 	 	 	 	 
851	2	668579	3547530.6	 	 	 	 	 
852	2	668584	3547529.7	 	 	 	 	 
853	2	668589	3547528.7	 	 	 	 	 
854	2	668594	3547527.8	 	 	 	 	 
855	2	668599	3547526.8	 	 	 	 	 
856	2	668604	3547525.9	 	 	 	 	 
857	2	668609	3547524.9	 	 	 	 	 
858	2	668614	3547524	 	 	 	 	 
859	2	668619	3547523	 	 	 	 	 
860	2	668624	3547522.1	 	 	 	 	 
861	2	668629	3547521.1	 	 	 	 	 
862	2	668634	3547520.2	 	 	 	 	 
863	2	668639	3547519.3	 	 	 	 	 
864	2	668644	3547518.3	 	 	 	 	 
865	2	668649	3547517.4	 	 	 	 	 
866	2	668654	3547516.4	 	 	 	 	 
867	2	668659	3547515.5	 	 	 	 	 
868	2	668664	3547514.5	 	 	 	 	 
869	2	668669	3547513.6	 	 	 	 	 
870	2	668674	3547512.6	 	 	 	 	 
871	2	668679	3547511.7	 	 	 	 	 
872	2	668684	3547510.7	 	 	 	 	 
873	2	668689	3547509.8	 	 	 	 	 
874	2	668694	3547508.9	 	 	 	 	 
875	2	668699	3547507.9	 	 	 	 	 
876	2	668704	3547507	 	 	 	 	 
877	2	668709	3547506	 	 	 	 	 
878	2	668714	3547505.1	 	 	 	 	 
879	2	668719	3547504.1	 	 	 	 	 
880	2	668724	3547503.2	 	 	 	 	 
881	2	668729	3547502.2	 	 	 	 	 
882	2	668734	3547501.3	 	 	 	 	 
883	2	668739	3547500.3	 	 	 	 	 
884	2	668744	3547499.4	 	 	 	 	 
885	2	668749	3547498.4	 	 	 	 	 
886	2	668754	3547497.5	 	 	 	 	 
887	2	668759	3547496.6	 	 	 	 	 
888	2	668764	3547495.6	 	 	 	 	 
889	2	668769	3547494.7	 	 	 	 	 
890	2	668774	3547493.7	 	 	 	 	 
891	2	668779	3547492.8	 	 	 	 	 
892	2	668784	3547491.8	 	 	 	 	 
893	2	668789	3547490.9	 	 	 	 	 
894	2	668794	3547489.9	 	 	 	 	 
895	2	668799	3547489	 	 	 	 	 
896	2	668804	3547488	 	 	 	 	 
897	2	668809	3547487.1	 	 	 	 	 
898	2	668814	3547486.1	 	 	 	 	 
899	2	668819	3547485.2	 	 	 	 	 
900	2	668824	3547484.3	 	 	 	 	 
901	2	668829	3547483.3	 	 	 	 	 
902	2	668834	3547482.4	 	 	 	 	 
903	2	668839	3547481.4	 	 	 	 	 
904	2	668844	3547480.5	 	 	 	 	 
905	2	668849	3547479.5	 	 	 	 	 
906	2	668854	3547478.6	 	 	 	 	 
907	2	668859	3547477.6	 	 	 	 	 
908	2	668864	3547476.7	 	 	 	 	 
909	2	668869	3547475.7	 	 	 	 	 
910	2	668874	3547474.8	 	 	 	 	 
911	2	668879	3547473.8	 	 	 	 	 
912	2	668884	3547472.9	 	 	 	 	 
913	2	668889	3547472	 	 	 	 	 
914	2	668894	3547471	 	 	 	 	 
915	2	668899	3547470.1	 	 	 	 	 
916	2	668904	3547469.1	 	 	 	 	 
917	2	668909	3547468.2	 	 	 	 	 
918	2	668914	3547467.2	 	 	 	 	 
919	2	668919	3547466.3	 	 	 	 	 
920	2	668924	3547465.3	 	 	 	 	 
921	2	668929	3547464.4	 	 	 	 	 
922	2	668934	3547463.4	 	 	 	 	 
923	2	668939	3547462.5	 	 	 	 	 
924	2	668944	3547461.5	 	 	 	 	 
925	2	668949	3547460.6	 	 	 	 	 
926	2	668954	3547459.7	 	 	 	 	 
927	2	668959	3547458.7	 	 	 	 	 
928	2	668964	3547457.8	 	 	 	 	 
929	2	668969	3547456.8	 	 	 	 	 
930	2	668974	3547455.9	 	 	 	 	 
931	2	668979	3547454.9	 	 	 	 	 
932	2	668984	3547454	 	 	 	 	 
933	2	668989	3547453	 	 	 	 	 
934	2	668994	3547452.1	 	 	 	 	 
935	2	668999	3547451.1	 	 	 	 	 
936	2	669004	3547450.2	 	 	 	 	 
937	2	669009	3547449.2	 	 	 	 	 
938	2	669014	3547448.3	 	 	 	 	 
939	2	669019	3547447.4	 	 	 	 	 
940	2	669024	3547446.4	 	 	 	 	 
941	2	669029	3547445.5	 	 	 	 	 
942	2	669034	3547444.5	 	 	 	 	 
943	2	669039	3547443.6	 	 	 	 	 
944	2	669044	3547442.6	 	 	 	 	 
945	2	669049	3547441.7	 	 	 	 	 
946	2	669054	3547440.7	 	 	 	 	 
947	2	669059	3547439.8	 	 	 	 	 
948	2	669064	3547438.8	 	 	 	 	 
949	2	669069	3547437.9	 	 	 	 	 
950	2	669074	3547436.9	 	 	 	 	 
951	3	669079	3547436	 	 	 	 	 
952	3	669078.2	3547431	 	 	 	 	 
953	3	669077.4	3547426	 	 	 	 	 
954	3	669076.5	3547421	 	 	 	 	 
955	3	669075.7	3547416	 	 	 	 	 
956	3	669074.9	3547411	 	 	 	 	 
957	3	669074.1	3547406	 	 	 	 	 
958	3	669073.3	3547401	 	 	 	 	 
959	3	669072.5	3547396	 	 	 	 	 
960	3	669071.6	3547391	 	 	 	 	 
961	3	669070.8	3547386	 	 	 	 	 
962	3	669070	3547381	 	 	 	 	 
963	3	669069.2	3547376	 	 	 	 	 
964	3	669068.4	3547371	 	 	 	 	 
965	3	669067.6	3547366	 	 	 	 	 
966	3	669066.7	3547361	 	 	 	 	 
967	3	669065.9	3547356	 	 	 	 	 
968	3	669065.1	3547351	 	 	 	 	 
969	3	669064.3	3547346	 	 	 	 	 
970	3	669063.5	3547341	 	 	 	 	 
971	3	669062.6	3547336	 	 	 	 	 
972	3	669061.8	3547331	 	 	 	 	 
973	3	669061	3547326	 	 	 	 	 
974	3	669060.2	3547321	 	 	 	 	 
975	3	669059.4	3547316	 	 	 	 	 
976	3	669058.6	3547311	 	 	 	 	 
977	3	669057.7	3547306	 	 	 	 	 
978	3	669056.9	3547301	 	 	 	 	 
979	3	669056.1	3547296	 	 	 	 	 
980	3	669055.3	3547291	 	 	 	 	 
981	3	669054.5	3547286	 	 	 	 	 
982	3	669053.7	3547281	 	 	 	 	 
983	3	669052.8	3547276	 	 	 	 	 
984	3	669052	3547271	 	 	 	 	 
985	3	669051.2	3547266	 	 	 	 	 
986	3	669050.4	3547261	 	 	 	 	 
987	3	669049.6	3547256	 	 	 	 	 
988	3	669048.7	3547251	 	 	 	 	 
989	3	669047.9	3547246	 	 	 	 	 
990	3	669047.1	3547241	 	 	 	 	 
991	3	669046.3	3547236	 	 	 	 	 
992	3	669045.5	3547231	 	 	 	 	 
993	3	669044.7	3547226	 	 	 	 	 
994	3	669043.8	3547221	 	 	 	 	 
995	3	669043	3547216	 	 	 	 	 
996	3	669042.2	3547211	 	 	 	 	 
997	3	669041.4	3547206	 	 	 	 	 
998	3	669040.6	3547201	 	 	 	 	 
999	3	669039.7	3547196	 	 	 	 	 
1000	3	669038.9	3547191	 	 	 	 	 
1001	3	669038.1	3547186	 	 	 	 	 
1002	3	669037.3	3547181	 	 	 	 	 
1003	3	669036.5	3547176	 	 	 	 	 
1004	3	669035.7	3547171	 	 	 	 	 
1005	3	669034.8	3547166	 	 	 	 	 
1006	3	669034	3547161	 	 	 	 	 
1007	3	669033.2	3547156	 	 	 	 	 
1008	3	669032.4	3547151	 	 	 	 	 
1009	3	669031.6	3547146	 	 	 	 	 
1010	3	669030.8	3547141	 	 	 	 	 
1011	3	669029.9	3547136	 	 	 	 	 
1012	3	669029.1	3547131	 	 	 	 	 
1013	3	669028.3	3547126	 	 	 	 	 
1014	3	669027.5	3547121	 	 	 	 	 
1015	3	669026.7	3547116	 	 	 	 	 
1016	3	669025.8	3547111	 	 	 	 	 
1017	3	669025	3547106	 	 	 	 	 
1018	3	669024.2	3547101	 	 	 	 	 
1019	3	669023.4	3547096	 	 	 	 	 
1020	3	669022.6	3547091	 	 	 	 	 
1021	3	669021.8	3547086	 	 	 	 	 
1022	3	669020.9	3547081	 	 	 	 	 
1023	3	669020.1	3547076	 	 	 	 	 
1024	3	669019.3	3547071	 	 	 	 	 
1025	3	669018.5	3547066	 	 	 	 	 
1026	3	669017.7	3547061	 	 	 	 	 
1027	3	669016.9	3547056	 	 	 	 	 
1028	3	669016	3547051	 	 	 	 	 
1029	3	669015.2	3547046	 	 	 	 	 
1030	3	669014.4	3547041	 	 	 	 	 
1031	3	669013.6	3547036	 	 	 	 	 
1032	3	669012.8	3547031	 	 	 	 	 
1033	3	669011.9	3547026	 	 	 	 	 
1034	3	669011.1	3547021	 	 	 	 	 
1035	3	669010.3	3547016	 	 	 	 	 
1036	3	669009.5	3547011	 	 	 	 	 
1037	3	669008.7	3547006	 	 	 	 	 
1038	3	669007.9	3547001	 	 	 	 	 
1039	3	669007	3546996	 	 	 	 	 
1040	3	669006.2	3546991	 	 	 	 	 
1041	3	669005.4	3546986	 	 	 	 	 
1042	3	669004.6	3546981	 	 	 	 	 
1043	3	669003.8	3546976	 	 	 	 	 
1044	3	669003	3546971	 	 	 	 	 
1045	3	669002.1	3546966	 	 	 	 	 
1046	3	669001.3	3546961	 	 	 	 	 
1047	3	669000.5	3546956	 	 	 	 	 
1048	3	668999.7	3546951	 	 	 	 	 
1049	3	668998.9	3546946	 	 	 	 	 
1050	3	668998	3546941	 	 	 	 	 
1051	3	668997.2	3546936	 	 	 	 	 
1052	3	668996.4	3546931	 	 	 	 	 
1053	3	668995.6	3546926	 	 	 	 	 
1054	3	668994.8	3546921	 	 	 	 	 
1055	3	668994	3546916	 	 	 	 	 
1056	3	668993.1	3546911	 	 	 	 	 
1057	3	668992.3	3546906	 	 	 	 	 
1058	3	668991.5	3546901	 	 	 	 	 
1059	3	668990.7	3546896	 	 	 	 	 
1060	3	668989.9	3546891	 	 	 	 	 
1061	3	668989.1	3546886	 	 	 	 	 
1062	3	668988.2	3546881	 	 	 	 	 
1063	3	668987.4	3546876	 	 	 	 	 
1064	3	668986.6	3546871	 	 	 	 	 
1065	3	668985.8	3546866	 	 	 	 	 
1066	3	668985	3546861	 	 	 	 	 
1067	3	668984.1	3546856	 	 	 	 	 
1068	3	668983.3	3546851	 	 	 	 	 
