2.87
2.58
3.11
4.18
5.6
6.34
2.64
5.94
4.39
6.25
5.17
5.34
4.55
2.75
4.59
3.44
3
2.67
3.83
4.13
2.5
3.09
4.61
4.86
5.49
6.25
4.79
4.13
3.06
6.1
3
6.19
5.81
3.59
5.43
3.76
5.63
4.41
3.65
3.34
5.18
5.32
4.63
3.65
4.95
4.84
5.89
5.83
6.34
6.31
5.7
6.3
3.95
3.52
2.53
6.27
4.47
4.74
5.19
5.84
4.04
5
5.37
4.78
5.74
5.47
6.03
3.46
3.82
3.32
4.3
5.08
5.52
2.99
5.45
3.68
4.95
3.45
6.41
3.14
2.85
5.45
4.28
3.24
2.9
3.2
4.73
4.79
3.55
5.65
5.78
3.39
5.71
4.3
5.79
2.67
6.45
6.35
4.41
5.97
5.3
4.93
4.51
5.51
4.51
3.11
3.27
3.46
4.56
5.35
3.81
3.51
4.82
4.54
5.48
5.09
3.21
4.63
4.38
5.04
3.23
3.73
6.4
4.66
4.03
3.41
5.86
3.71
3.69
5.27
3.72
5.1
5.54
2.93
4.34
4.42
3.44
5.27
5.22
6.29
6.42
3.77
2.72
4.69
4.34
4.76
5.06
3.67
5.32
3.2
5.96
4.31
4.47
5.86
5.24
4.07
5.02
6.34
3.98
3.6
3.74
6.06
6.27
5.78
4.12
5.2
4.47
4.39
2.7
3.55
4.15
4.44
5.9
4.58
5.12
5.96
3.5
4.2
2.82
5.76
4.85
4.69
4.89
2.99
5.81
5.91
3.13
6.17
4.19
2.77
5.89
3.59
3.78
4.12
5.05
2.85
4
3.44
3.07
5.63
2.79
3.17
3.47
4.26
5.54
4.01
4.91
6.38
3.23
5.77
3.06
3.32
6.02
4.71
5.24
5.54
3.67
5.77
6.47
4.71
4.57
4.79
2.69
6.43
4.16
3.05
3.15
4.27
6.03
4.76
4.46
2.56
3.63
3.69
5.47
4.18
3.71
3.12
3.94
4.29
3.49
3.24
5.44
4.91
6.2
5.07
4.07
5.57
5.37
6
5.68
4.72
3.46
4.85
3.55
4.49
2.97
3.54
2.6
4.98
3.35
3.13
2.85
4.97
3.81
2.99
6.18
4.83
5.73
3.56
4.33
3.04
4.32
4.67
3.71
3.82
5.85
4.27
2.72
5.58
5.48
4.07
5.39
2.52
5.57
6.23
5.59
5.27
2.63
3.48
3.7
2.67
3.02
5.45
3.44
2.86
2.89
2.96
3.6
5.71
5.39
5.74
6.34
4.31
4.17
5.14
2.9
5.29
3.63
6.23
5.13
5.2
3.32
3.51
6
5.77
4.23
2.83
5.9
4.07
3.89
3.4
4.7
4.75
6.36
4.16
2.51
5.36
3.73
3.35
3.43
5.39
3.16
3.51
2.69
6.24
4.23
3.58
4.85
2.92
5.83
2.8
4.13
2.89
4.84
5
5.84
6.01
5.95
4.16
5.12
2.56
3.56
6.02
4.31
4.48
3.54
4.09
4.45
2.5
5.13
4.03
4.05
2.78
5.29
6.24
4.53
6.3
3.32
6.25
4.04
3.15
4.47
5.47
4.74
3.59
5.76
4.3
6.41
3.85
4.81
3
5.91
6.07
4.73
3.37
4.32
3.64
5.69
4.7
5.2
2.64
5.63
4.84
4.28
4.3
5.24
3.85
4.1
5.09
2.96
6.03
5.18
6.2
2.61
4.46
4.58
4.59
3.78
3.22
5.21
5.73
4.18
3.09
4.19
4.63
4.62
4.48
4.55
4.42
4.42
3.39
3.11
5.11
3.54
3.9
4.02
6.13
3.68
2.93
4.84
4.41
2.69
3.81
3.38
5.27
4.31
6.2
5.95
2.76
5.28
6.23
6.35
4.97
5.98
5.96
4.96
5.03
3.14
6.15
6.18
3.25
5.8
6.17
3.17
6.07
5.42
2.56
5.15
5.21
2.93
4.95
3.4
3.34
4.88
3.3
5.53
2.86
6.2
5.42
2.82
4.91
5.03
4.28
5.63
4.68
3.53
4.63
5.63
4.08
5.43
5.49
5.48
4.03
3.25
4.08
5.1
3.02
3.13
3.81
6.34
4.24
3.55
3.23
6.32
2.83
5.33
5.5
2.59
5.17
2.92
4.59
5.32
4.22
5.83
3.76
4.72
4.01
3.04
4.99
5.03
3.29
3.43
3.56
6.28
3.94
5.97
5.87
2.59
3.29
4.7
5.01
6.22
4.89
5.57
5.07
3.85
4.29
4.45
5.29
5.85
4.53
4.53
2.95
3.65
3.33
2.66
3.75
4.69
5.98
5.85
3.58
6.47
4.64
5.27
5.55
3.3
6.49
3.45
4.88
3.36
5.96
5.41
5.79
2.97
4.41
4.86
2.92
5.15
3.25
6.41
2.92
6.06
4.24
5.63
3
5.25
2.98
6.41
5.44
3.77
4.71
3.67
3.1
3.93
3.61
5.04
4.08
6.12
2.52
4.27
3.86
3.34
6.07
4.43
6.39
5.62
5.24
6.47
5.74
4.97
6.24
5.09
3.94
6.06
5.43
4.02
4.72
5.5
4.76
2.79
2.81
2.57
4.51
3.6
5.14
4.78
4.8
4.35
5.86
5.87
3.28
3.29
5.13
5.48
5.05
6.08
6.48
6.31
5.74
3.88
2.51
3.01
3.17
2.97
4.03
6.11
6.22
3.53
5
6.08
2.81
5.07
3.85
6.22
3.95
3.78
5.33
4.97
5.78
4.1
3.31
3.38
3.1
6.37
4.18
5.44
6.46
4.95
3.51
5.85
4.04
4.91
6.26
3.38
2.78
6.3
5.9
4.04
6.06
5.52
5.06
3.76
5.85
6.28
5.56
4.71
5.94
5.41
4.02
3.76
3.25
4
3.03
4.14
3.06
5.63
6.4
3.29
5.28
5.08
6.15
3.76
2.52
5.65
4.53
4.39
5.3
2.97
5.94
4.15
4.37
3.78
5.41
2.75
5.54
6.04
4.02
3.32
3.31
5.96
6
3.55
3.43
6.24
5.1
2.53
4.38
4.61
2.82
3.65
6.39
5.1
5.25
3.47
5.87
3.79
3.74
2.7
4.24
3.66
5.91
5.47
5.97
6.37
5.88
5.96
5.09
2.77
5.1
3.51
4.1
5.58
6.48
5.82
5.58
5.1
2.83
2.77
3.04
4.5
2.51
3.18
2.64
4.79
4.26
5.77
5.03
4.43
3.38
4.25
4.8
3.82
5.57
6.14
2.55
3.03
4.08
3.55
2.85
5.63
3.93
4.1
6.01
5.8
6.04
3.3
5.11
5.92
4.39
3.26
3.45
3.46
6.15
6.24
3.65
5.22
5.32
3.68
4.61
2.61
3.42
3.16
5.88
3.35
5.21
2.78
2.5
2.83
5.77
5.04
3.52
5.78
6.42
3.91
3.06
4.9
3.66
3.34
5.24
3.45
3.15
5.6
2.54
2.61
3.29
3.83
4.16
5.83
4.99
3.82
4.21
2.89
5.44
2.73
4.7
3.27
4.71
5.16
3.09
5.75
3.3
4.77
2.65
5.84
6.23
4.17
3.54
4.74
5.67
5.24
4.05
4.47
4.93
3.65
5.96
4.32
3.12
5.77
2.55
3.87
5.11
3.17
4.34
4.44
3.33
3.12
2.83
6.18
5.7
6.29
2.68
5
2.75
5.98
2.65
4.87
5.45
3.19
2.88
5.62
2.79
5.92
2.65
6.24
6.27
6.23
4.46
4.28
3.27
2.88
2.64
5.44
5.11
5.71
3.13
2.62
2.93
4.7
5
5.61
3.83
3.85
5.54
5.88
5.06
5.55
4.22
5.44
3.5
3.58
5.36
6.42
5.39
3.43
3.57
5.69
3.01
4.59
4.66
3.59
5.16
5.04
5.4
5.31
6.14
3.73
6.38
3.53
5.34
2.52
4.43
3.24
4.68
3.76
4.28
5.44
2.88
3.26
3.68
3.22
4.51
5.52
3.28
6.18
4.02
2.72
2.55
4.18
4.64
3.94
6.11
4.84
2.53
3.91
2.95
5.28
4.94
2.72
6.24
3.82
5.66
3.19
2.59
3.48
5.65
4.61
4.24
4.12
5.64
4.63
5.31
6.24
3.41
3.94
5.58
6.14
4.26
5.71
3.79
5.91
3.67
4.7
5.38
3.9
2.91
6.09
3.2
3.27
3.31
5.49
2.99
2.65
3.52
6.35
4.05
3.81
5.42
6.3
3.03
5.9
4.98
4.93
5.03
2.5
5.12
6.36
3.92
5.09
4.82
3.31
3.52
5.72
5.43
2.82
2.65
3.45
4.3
5.18
3.06
6.05
3.9
3.46
3.3
2.65
4.14
5.16
5.22
3.55
6.38
4.27
3.21
4.46
5.18
4.38
3.43
5.24
6.17
5.37
5.28
3.04
4.66
4.61
4.95
2.5
4.47
3.76
3.72
3.19
6.2
3.1
6.01
2.73
5.73
3.48
4.49
4.01
4.12
4.87
4.86
6.46
3.64
2.87
5.2
3.05
2.59
5.55
3.04
3.54
5.88
3.91
3.77
5.42
6.4
2.52
3.88
5.79
5.01
3.3
4.68
2.88
3.93
4.53
3.85
5.78
4.76
2.97
5.23
4.19
6.39
5.92
3.61
3.8
3.01
5.31
5.9
4.29
5.91
4.4
6.4
5.41
3.21
2.67
3.8
4.78
5.82
3.08
2.83
5.7
6.09
5.2
5.5
3.32
2.69
4.48
5.02
5.61
5.51
5.92
4.79
6.11
2.81
5.34
3.64
6.46
2.79
6.47
4.91
3.58
3.12
6.09
6.38
3.11
3.39
5.76
6.16
3.76
3.22
5.56
6.45
4.17
2.64
6.03
4.6
3.69
2.92
2.79
3.6
5.02
2.79
2.78
5.28
6.48
6.11
2.79
5.09
4.36
5.53
3.84
4.48
5.85
4.66
5.74
5.07
2.5
5.31
4.88
6.42
3.42
4.82
3.76
4.88
6.44
5.96
3.11
5.97
3.28
3.24
6.45
6.04
2.5
5.36
6.39
3.29
2.83
3.3
6.39
3.5
3.1
3.17
4.29
4.72
5.88
3.58
3.1
6.01
3.4
3.45
4.59
4.87
4.53
2.86
2.68
2.7
5.52
4.4
5.33
3.01
5.49
3.31
4.3
3.62
5.57
4.29
4.47
2.98
4.76
4.94
4.74
5.69
5.42
3.88
5.82
2.75
3.02
5.53
5.5
5.36
5.36
3.59
5.07
6.33
5.14
4.07
4
6.14
5.18
6.19
4.26
4.93
4.47
5.87
4.5
6.28
5.36
3.17
5.65
4.08
5.6
2.62
3.74
4.95
5.21
5.4
5.95
3.14
3.54
6.42
6.18
6.49
5.39
6.47
4.15
4.4
4.74
4.47
4.97
3.99
2.79
4.83
4.29
5.07
3.18
6.3
3.72
6.04
5.88
6.03
3.89
6.34
6.38
3.91
6.26
5.24
6.34
2.61
3.62
6.23
4.62
3.35
5.09
5.26
2.51
4.27
6.03
4.49
4.22
2.59
4.03
3.38
4.69
4.15
3.79
3.26
4.83
5.17
4.26
5.4
4.18
6.4
3.76
4.01
5.03
6.33
2.6
3.98
2.71
5.4
4.55
4.62
3.35
5.23
5.87
5.93
6.23
5.53
5.06
5.4
2.76
5.72
4.31
5.78
4.49
3
4.14
4.72
2.62
5.49
2.91
3.67
4.84
4.71
4.55
4.71
6.09
3.58
2.72
2.67
4.16
4.55
4.27
5.31
4.53
5.9
2.52
5.95
4.78
4.35
3.53
5.79
2.6
5.36
5.13
4.95
4.58
4.48
6.01
4.52
4.68
4.37
3.85
3.72
4.99
3.38
6.27
5.14
3.18
3.65
6.34
5.14
5.3
4.89
3.73
4.71
3.95
5.49
3.74
5.08
2.97
4.69
6.44
4.76
4.46
3.61
3.57
5.98
6.07
6.1
2.63
4.1
4.07
4.7
4.49
6.28
3.19
3.05
2.82
3.65
6.12
3.88
5.27
3.62
4.51
4.88
2.99
4.21
4.12
2.92
3.5
5.59
3.23
3.42
4.04
6.49
4.43
5.59
5.76
3.88
6.31
2.79
5.57
3.57
3.52
4.73
3.57
3.1
2.89
3.94
4.01
3.39
5.17
2.59
5.46
5.59
5.91
5.31
2.75
6.07
3.11
5.86
4.35
5.64
5.1
3.53
3.37
3.15
3.15
4.49
4.35
4.1
3.79
5.44
3.84
5.83
4.81
4.19
2.6
6.27
3.81
6.39
3.81
2.68
5.41
2.6
2.91
3.14
4.46
4.95
3.07
5.61
5.33
6.18
3.26
2.94
4.94
6.42
4.97
6.48
3.86
2.92
6.45
4.9
6.09
6.41
6.1
6.23
5.25
6.12
3.28
4.21
5.2
2.97
4.76
3.22
4.54
4.17
2.73
4.99
3.12
2.73
5.18
4.7
3.91
5.24
5.26
4.11
4.68
3.39
3.39
4.88
5.72
2.62
4.91
3.39
6.44
5.41
3.09
5.49
3
3.18
4.39
4.83
4.17
5.36
2.9
4.86
3.91
2.53
4.9
3.26
6.19
6.47
5.85
3.63
4.23
4.25
3.48
3.35
3.64
4.48
4.05
4.35
5.23
4.89
4.99
5.08
4.56
3.87
3.28
5.63
3.58
3.73
4.49
6.44
4.83
2.85
3.02
5.05
4.83
2.9
2.69
4.64
4.99
2.62
5.19
5.75
3.26
3.78
5.65
4.69
4.42
6.23
4.35
5.01
5.63
2.53
6.09
5.77
2.87
4.32
2.79
2.53
5.74
5.76
6.18
4.95
4.47
5.91
5.29
3.87
3.72
4.92
5.01
3.24
4.28
5.9
5.86
5.11
6.2
5.74
4.31
3.28
4.71
5.09
3.7
3.84
5.88
5.98
3.31
4.8
3.26
3.75
4.68
3.01
2.6
2.66
5.4
5.72
2.93
2.73
3.77
3.85
4.98
4.27
3.46
6
3.72
3.6
3.22
6.22
3.16
3.47
6.07
3.63
2.5
6.01
4.31
3.14
4.55
4.84
5.57
4.99
5.1
2.98
3.11
6.46
2.74
4.5
3.13
4.12
3
2.64
4.68
5.96
4.46
2.96
4.79
2.94
4.12
4.2
2.61
4.77
5.25
3.58
4.13
6.28
4.18
3.54
3
3.09
4.84
4.75
3.66
4.58
3.66
5.27
5.24
4.5
3.65
3.5
5.75
5.71
2.97
5.6
5.72
3.02
5.29
2.6
5.66
6.03
3.71
3.87
5.51
2.85
4.72
3.29
6.24
4.01
5.34
3.33
4.78
5.69
3.99
2.54
5.78
4.74
5.47
2.59
4.79
5.69
4.22
2.79
5.78
3.12
4.95
3.39
4.3
6.14
4.36
3.61
3.49
4.07
4.38
3.47
5.87
3.46
5.73
3.31
6.35
2.86
5.52
3.72
5.65
2.82
5.22
2.55
4.22
2.92
6.31
3.47
4.05
5.19
4.3
6.47
4.31
3.42
4.59
4.89
4.39
3.82
5.49
2.59
6.15
4.23
6.34
3.2
3.81
3.02
3.17
4.81
5.5
4.66
2.73
4.43
2.66
2.99
3.63
5.45
4.4
4.89
5.67
3.87
6.33
3.38
6.06
4.79
6.26
4.41
5.65
4.94
5.36
3.34
5.41
5.03
3.87
5.43
4.07
3.91
2.98
4.51
5.24
3.7
6.25
4
4.47
5.89
4.95
6.37
6.3
3.82
6.28
5.63
2.98
6
4.65
4.11
2.76
5.27
4.67
4.04
3.43
5.89
3.86
4.72
5.94
4.65
5.74
4.2
3.05
3.73
5.42
6.21
4.97
6.38
6.15
4.47
4.12
4.82
5.41
2.67
6.33
6.39
4.6
4.33
5.16
6.22
2.85
5.91
2.87
6.25
5.16
5.29
5.74
5.43
3.57
5.84
6.34
4.02
4.55
6.31
2.64
3.25
5.81
5.07
4.89
2.56
3.16
3.1
6.34
2.68
6.48
4.43
6.35
4.5
4.21
3.54
3.79
6.02
6.06
6.21
4.3
6.33
3.82
3.29
5.06
2.62
2.97
6.03
5.3
2.81
4.63
2.6
2.77
5.59
2.52
5.57
3.07
6.03
5.94
5.09
5.56
6.25
6.06
2.69
6.27
3.22
5.44
3.74
3.72
2.53
4.55
2.81
4.45
4.83
4.51
2.8
5.92
5.01
2.5
4.77
6.09
3.62
4.29
6.03
4.55
6.38
4.15
3.26
4.47
5.13
2.96
4.25
2.58
3.47
3.15
4.54
2.76
3.63
3.52
4.34
3.68
5.73
4.81
5.27
4.75
4.31
4.64
4.44
3.58
6.22
6.15
4.55
6.03
3.66
5.5
4.43
4.46
2.53
4.64
6.38
5.56
4.67
5.76
5.08
6.06
2.79
2.73
3.48
4.17
6.46
2.54
4.79
3.99
4.66
3.59
2.85
5.31
5.51
3.77
2.73
4.24
6.21
6.17
4.75
5.48
4.9
4.72
5.41
4.46
5.22
2.58
2.72
5.49
3.63
5.27
5.5
6.46
6.22
5.7
4.45
4.08
3.65
2.77
3.62
6.17
3.85
3.06
3.86
2.57
5.14
5.62
5.44
5.25
4.4
4.64
5.85
5
3.5
6.1
3.66
4.57
3.81
5.52
5.45
6.38
6.31
5.8
2.85
5.88
4.58
2.88
5.58
6.31
5.82
5.15
3.09
5.94
5.04
5.07
4.12
4.34
3.35
5.34
5.82
6.09
3.63
3.97
3.58
5.49
5.91
2.99
5.45
2.62
4.54
6.38
2.77
4.63
3.81
3.73
6.36
4.55
2.71
4.48
4.49
4.75
2.54
5.63
5.93
5.75
4.05
6.41
6.45
4.93
4.48
5.81
3.71
4.97
6.19
5.85
5.25
4.84
4.71
3.85
6.46
4.09
3.93
5.45
4.26
5.93
4.88
4.95
4.62
3.8
5.21
6.06
4.13
5.37
3.35
3.56
6.05
4.49
4.53
4.33
3.94
6
3.03
3.02
4.64
5.22
5.16
4.29
4.93
4.46
4.98
4.02
6.33
5.35
4.51
2.89
3.32
3.58
3.86
2.5
3.36
5.59
4.29
5.15
6.22
4.91
4.18
4.84
4.12
5.13
6.29
3.25
2.8
2.88
6.41
2.96
3.55
3.4
3.31
5.54
3.27
3.08
2.52
2.66
5.32
3.68
6.23
5.27
3.35
2.95
2.74
4.97
3.13
4.53
3.46
4.84
4.21
4.38
3.3
6.22
3.54
2.81
2.67
6.29
4.66
4.23
3.71
5.95
5.44
4.05
5.84
6.41
2.76
4.82
5.73
2.78
5.56
4.13
6.32
5.03
5.17
5.41
3.99
3.66
4.88
3.82
2.62
4.77
5.91
4.06
5.24
5.67
2.6
3.58
4.5
2.95
2.9
2.72
4.49
3.58
6.46
2.77
6.32
5.79
3.6
2.82
4.7
4.8
5.3
3.18
5.78
2.58
4.55
4.76
3.54
4.62
5.32
5.5
3.91
3.33
4.1
5.44
2.54
3.88
5.3
2.67
6.31
5.67
2.82
5.27
6.37
5.33
6.13
5.23
5.06
4.9
5.58
4.7
2.56
4.56
5.62
4.31
5.97
5.22
4.77
5.16
3.61
4.33
2.53
6.37
4.12
3.9
5.31
3.66
5.97
3.52
2.73
4.94
2.98
3.43
3
5.52
4.47
2.52
3.31
2.94
2.94
5.81
6.19
5.14
5.54
3.12
5.44
5.84
4.2
6.29
5.96
3.81
5.6
2.64
5.55
4.48
5.63
2.95
3.65
4.97
2.51
4.96
5.76
4.04
4.66
3.13
4.21
5.62
4.06
2.59
6.33
5.95
4.41
4.33
4.72
4.29
4.63
3.89
3.32
3.5
4.95
5.97
5.95
6.18
4.06
5.41
5.84
2.84
4.37
5.02
6.38
4.02
5.36
4.83
2.92
4.47
2.55
4.65
2.98
4.91
5.4
6.32
4.28
4.11
6.45
2.51
5.9
3.77
4.41
3.76
6.34
4.24
6.12
2.65
2.52
3.04
5.51
6.07
6.47
5.74
3.78
3.87
3.74
5.53
2.71
4.81
3.08
6.07
3.9
2.74
4.24
6.48
3.4
4.91
4.59
5.12
4.19
4.34
6.23
4.04
6.01
4.57
4.92
3.11
5.18
4.63
4.4
5.21
4.81
6.38
5.46
2.98
4.67
3.73
3.62
4.03
5.08
5.24
3.89
4.13
5.93
6.32
6.36
4.17
6.01
6.35
3.33
3.7
4.56
3.89
5.35
3.66
6.33
4.93
6.23
5.71
小目标的随机数均值和方差分别是4.50507756813416和1.32992042375273